ignore 0 0 0 1064.04947468 474.766429593 1077.10266559 485.132962902 0 0 0 0 0 0 0
van 0 0 0 1126.41304337 484.071881876 1152.65148884 512.218577922 0 0 0 0 0 0 0
car 0 0 0 1062.91738689 487.867475625 1083.76803751 505.129079823 0 0 0 0 0 0 0
motorcyclist 0 0 0 1310.97230989 499.423542099 1336.73457805 559.688847981 0 0 0 0 0 0 0
truck 0 0 0 611.560914626 476.224057106 691.607962133 543.15995028 0 0 0 0 0 0 0
cyclist 0 0 0 702.252886624 489.732335545 719.090369031 531.964053712 0 0 0 0 0 0 0
tricyclelist 0 0 0 524.373993799 497.571856569 572.070993141 546.699765892 0 0 0 0 0 0 0
car 0 0 0 757.40014684 495.843153956 816.192145298 537.373548215 0 0 0 0 0 0 0
pedestrian 0 0 0 1118.30297841 486.4571951 1125.93598073 510.310327342 0 0 0 0 0 0 0
van 0 0 0 1100.17459791 481.209506007 1121.64241692 501.723199735 0 0 0 0 0 0 0
pedestrian 0 0 0 1112.57822667 485.026007166 1120.68829163 506.493826183 0 0 0 0 0 0 0
car 0 0 0 806.048312874 490.057353769 854.708702649 531.848041457 0 0 0 0 0 0 0
motorcyclist 0 0 0 1213.30106277 497.997352713 1235.17715522 550.237625553 0 0 0 0 0 0 0
