car 0 0 0 710.199846628 444.327382476 732.286080185 465.585382275 0 0 0 0 0 0 0
car 0 0 0 1601.02564103 455.384615385 1920.0 746.666666667 0 0 0 0 0 0 0
car 0 0 0 690.598314345 443.223070798 718.482184212 468.62223939 0 0 0 0 0 0 0
motorcyclist 0 0 0 222.939748866 455.141526854 273.225968133 553.240872639 0 0 0 0 0 0 0
truck 0 0 0 0.0 392.285401498 137.606837607 561.516170729 0 0 0 0 0 0 0
car 0 0 0 677.346574211 446.812083751 702.193586963 467.241849792 0 0 0 0 0 0 0
truck 0 0 0 524.29343068 411.843367114 625.273810783 490.028633908 0 0 0 0 0 0 0
truck 0 0 0 728.340553688 437.955125945 757.788865098 464.64265816 0 0 0 0 0 0 0
ignore 0 0 0 982.449124341 448.777626274 994.927756819 460.230617727 0 0 0 0 0 0 0
car 0 0 0 933.000753449 436.493400364 987.862957606 487.777634684 0 0 0 0 0 0 0
bus 0 0 0 997.897509957 405.04696108 1051.89835101 470.643074746 0 0 0 0 0 0 0
bus 0 0 0 1034.83982765 387.131668557 1122.30131254 485.724615158 0 0 0 0 0 0 0
van 0 0 0 1188.77828485 414.406141428 1327.6035145 537.965366443 0 0 0 0 0 0 0
car 0 0 0 1396.17917062 447.321937322 1670.19784742 635.276986388 0 0 0 0 0 0 0
truck 0 0 0 606.385663845 411.247038808 695.558831834 478.610051158 0 0 0 0 0 0 0
car 0 0 0 394.598390295 449.129732774 465.826493519 505.118334842 0 0 0 0 0 0 0
pedestrian 0 0 0 755.0418898 442.171449281 762.710720896 462.685572464 0 0 0 0 0 0 0
car 0 0 0 461.214993966 455.994134163 530.124042665 499.062289601 0 0 0 0 0 0 0
car 0 0 0 925.80584229 443.895574992 949.737466221 467.485318582 0 0 0 0 0 0 0
truck 0 0 0 212.305669867 416.21702543 362.752145545 526.132258802 0 0 0 0 0 0 0
pedestrian 0 0 0 1145.64964183 431.144408031 1158.90138197 467.255399898 0 0 0 0 0 0 0
car 0 0 0 278.301754958 455.565625894 372.760158637 522.54522123 0 0 0 0 0 0 0
bus 0 0 0 1014.45423408 396.27536925 1085.32895757 478.171123282 0 0 0 0 0 0 0
van 0 0 0 503.253907903 445.158241812 549.30370487 495.514854323 0 0 0 0 0 0 0
car 0 0 0 1147.7508974 444.779129817 1223.28581616 521.506705196 0 0 0 0 0 0 0
car 0 0 0 343.44624932 460.488912389 413.415437231 516.941325362 0 0 0 0 0 0 0
