ignore 0 0 0 774.882152182 421.604175957 813.693546281 443.230279649 0 0 0 0 0 0 0
ignore 0 0 0 997.159614517 410.552884683 1074.2847421 451.898313903 0 0 0 0 0 0 0
car 0 0 0 1225.32227146 433.319088319 1355.84661109 530.868857937 0 0 0 0 0 0 0
cyclist 0 0 0 1746.88142109 415.828313871 1918.97435897 676.923076923 0 0 0 0 0 0 0
van 0 0 0 907.282427694 424.114390834 921.853206778 440.985819246 0 0 0 0 0 0 0
ignore 0 0 0 920.127719781 418.171046734 951.569927276 429.099131046 0 0 0 0 0 0 0
motorcyclist 0 0 0 978.10408287 427.833773915 987.076615252 450.840267204 0 0 0 0 0 0 0
motorcyclist 0 0 0 1005.06002417 430.441176488 1017.90531626 458.624130767 0 0 0 0 0 0 0
car 0 0 0 1417.47266775 437.768383689 1707.14510569 607.793510312 0 0 0 0 0 0 0
cyclist 0 0 0 1076.57394062 424.622022478 1095.1263768 479.285450533 0 0 0 0 0 0 0
car 0 0 0 908.816193914 429.290851824 928.37171321 442.711306242 0 0 0 0 0 0 0
cyclist 0 0 0 929.330317097 431.01633882 936.423985861 449.038091897 0 0 0 0 0 0 0
truck 0 0 0 951.416550654 405.977605291 994.898822971 448.999747741 0 0 0 0 0 0 0
car 0 0 0 276.663053328 447.399201014 338.681197157 485.564212601 0 0 0 0 0 0 0
car 0 0 0 230.902851055 448.50598635 293.302645 492.729693527 0 0 0 0 0 0 0
motorcyclist 0 0 0 944.859700067 429.099131046 952.720251941 445.587117903 0 0 0 0 0 0 0
