car 0 0 0 1.90514966843 475.655610788 128.915127564 555.915920662 0 0 0 0 0 0 0
car 0 0 0 1337.02049243 461.382557771 1822.56410256 771.673261581 0 0 0 0 0 0 0
pedestrian 0 0 0 168.453910506 478.09506861 179.95715715 507.428347554 0 0 0 0 0 0 0
pedestrian 0 0 0 188.431215512 479.268399768 199.198254371 507.428347554 0 0 0 0 0 0 0
car 0 0 0 200.426248957 473.797639716 284.641764271 517.852608069 0 0 0 0 0 0 0
pedestrian 0 0 0 150.976987429 476.391272276 161.807756659 507.406656892 0 0 0 0 0 0 0
car 0 0 0 1072.70681365 453.711302103 1188.76025306 542.448134462 0 0 0 0 0 0 0
van 0 0 0 1728.6188107 422.831587487 1807.50862835 473.786736928 0 0 0 0 0 0 0
car 0 0 0 1716.20001055 440.545385954 1834.08409834 504.471780363 0 0 0 0 0 0 0
car 0 0 0 1304.50390256 435.497825632 1512.03098681 573.36902632 0 0 0 0 0 0 0
ignore 0 0 0 574.713437247 448.407352242 703.202309592 517.18388354 0 0 0 0 0 0 0
van 0 0 0 398.239568617 424.305129691 577.726437695 577.06058857 0 0 0 0 0 0 0
truck 0 0 0 807.49076712 264.042198656 1074.72217826 628.301282051 0 0 0 0 0 0 0
car 0 0 0 783.968570105 472.889896201 800.18870003 486.247650257 0 0 0 0 0 0 0
truck 0 0 0 1169.86857232 391.985756696 1272.83459317 514.969326119 0 0 0 0 0 0 0
car 0 0 0 528.320601446 467.62263609 704.184974841 610.949535718 0 0 0 0 0 0 0
truck 0 0 0 1856.74149329 428.656610726 1919.71376241 498.498581931 0 0 0 0 0 0 0
truck 0 0 0 708.722519224 433.333333333 769.680523843 492.076495113 0 0 0 0 0 0 0
van 0 0 0 1611.94681861 383.426717316 1763.30009497 538.73694207 0 0 0 0 0 0 0
