car 0 0 0 1722.15500082 446.646574162 1918.97435897 590.360873694 0 0 0 0 0 0 0
ignore 0 0 0 1352.65317787 424.779290211 1426.8459604 446.762336886 0 0 0 0 0 0 0
cyclist 0 0 0 1233.35851425 430.188417272 1248.59783038 470.605733975 0 0 0 0 0 0 0
cyclist 0 0 0 1211.16211901 427.538101423 1228.72046151 467.955418126 0 0 0 0 0 0 0
car 0 0 0 1316.9759793 424.158948715 1456.11756139 500.488045176 0 0 0 0 0 0 0
car 0 0 0 615.05861746 403.203108294 1253.74981846 951.556049047 0 0 0 0 0 0 0
car 0 0 0 1292.3280419 440.060843811 1458.90039303 544.615804068 0 0 0 0 0 0 0
bus 0 0 0 1405.81560966 292.209363178 1756.99051666 549.407886615 0 0 0 0 0 0 0
bus 0 0 0 898.725902582 320.899528725 1208.68309749 573.151926711 0 0 0 0 0 0 0
van 0 0 0 558.44025811 400.365887264 751.264993943 486.067975368 0 0 0 0 0 0 0
car 0 0 0 1243.0321671 430.519706753 1377.80072804 526.328624708 0 0 0 0 0 0 0
car 0 0 0 401.664499048 440.153055558 579.129648321 504.555730698 0 0 0 0 0 0 0
car 0 0 0 1393.7235827 423.249876392 1608.24040197 583.063922109 0 0 0 0 0 0 0
cyclist 0 0 0 86.6181355171 437.606859585 165.618750355 525.617488184 0 0 0 0 0 0 0
bus 0 0 0 417.192224644 412.644835056 503.963355769 501.968058273 0 0 0 0 0 0 0
car 0 0 0 2.0746067232 444.895533758 111.031946948 499.188691192 0 0 0 0 0 0 0
ignore 0 0 0 159.232775677 438.057189978 177.865028094 450.706609051 0 0 0 0 0 0 0
car 0 0 0 245.72644485 446.2235086 399.720396961 498.318116935 0 0 0 0 0 0 0
ignore 0 0 0 0.0233495762878 457.697469357 57.0219277179 503.036952655 0 0 0 0 0 0 0
ignore 0 0 0 1756.83222832 439.204396902 1862.74013547 494.358974359 0 0 0 0 0 0 0
car 0 0 0 107.604462758 448.916358821 250.721518624 497.576157815 0 0 0 0 0 0 0
car 0 0 0 440.853652931 429.857584183 639.349704524 495.077715421 0 0 0 0 0 0 0
