ignore 0 0 0 1067.16692454 435.449536686 1082.14128352 468.270049507 0 0 0 0 0 0 0
car 0 0 0 833.057120574 447.932457716 905.9877043 509.819924664 0 0 0 0 0 0 0
ignore 0 0 0 909.820560152 435.825953835 930.251329382 456.995184604 0 0 0 0 0 0 0
ignore 0 0 0 972.589790921 434.84133845 1000.15902169 458.225953835 0 0 0 0 0 0 0
ignore 0 0 0 745.685630647 439.84962005 774.916399878 449.422269623 0 0 0 0 0 0 0
car 0 0 0 890.012803023 446.592754136 916.064085075 469.772241315 0 0 0 0 0 0 0
car 0 0 0 1007.03244369 445.159604714 1051.8951056 478.519019983 0 0 0 0 0 0 0
ignore 0 0 0 819.526703878 435.36166217 840.894225246 454.336021144 0 0 0 0 0 0 0
car 0 0 0 900.747845759 441.464549008 922.79912781 466.079933623 0 0 0 0 0 0 0
van 0 0 0 996.132461143 435.956172939 1029.51092268 469.039249862 0 0 0 0 0 0 0
car 0 0 0 897.755060742 454.723238327 1011.77303286 549.181642007 0 0 0 0 0 0 0
van 0 0 0 839.184823536 439.122345931 856.620720972 458.95140576 0 0 0 0 0 0 0
tricyclelist 0 0 0 1135.36795018 440.487485404 1182.33410403 511.084408481 0 0 0 0 0 0 0
car 0 0 0 932.576672343 437.762981555 976.884364651 472.224520016 0 0 0 0 0 0 0
