car 0 0 0 897.331158612 439.205012836 915.459173689 452.460203711 0 0 0 0 0 0 0
car 0 0 0 927.917810572 437.916688817 952.533195187 459.455150356 0 0 0 0 0 0 0
car 0 0 0 909.49336054 439.682065865 945.272337667 463.550876851 0 0 0 0 0 0 0
truck 0 0 0 87.4873439918 396.528026873 233.125433843 504.334225926 0 0 0 0 0 0 0
van 0 0 0 978.401020191 432.058253335 1051.61540857 482.082563947 0 0 0 0 0 0 0
ignore 0 0 0 469.597374218 441.68768458 501.622412877 464.113013894 0 0 0 0 0 0 0
car 0 0 0 874.220589683 442.765443527 900.723535702 463.636513518 0 0 0 0 0 0 0
ignore 0 0 0 860.898323393 430.852369291 886.661072544 443.137885398 0 0 0 0 0 0 0
bus 0 0 0 888.35726109 422.093145632 901.714745884 438.312948596 0 0 0 0 0 0 0
bus 0 0 0 953.554508298 424.10736953 976.41329924 449.616455073 0 0 0 0 0 0 0
car 0 0 0 491.581762311 453.654658361 715.166998842 609.857059894 0 0 0 0 0 0 0
car 0 0 0 758.807210296 438.614067758 775.901610479 452.528114418 0 0 0 0 0 0 0
ignore 0 0 0 919.98618664 426.251731552 952.806699461 439.348082774 0 0 0 0 0 0 0
car 0 0 0 821.699143905 436.208654629 833.323075529 445.610364031 0 0 0 0 0 0 0
car 0 0 0 808.365810572 436.037714458 820.844443051 448.003526424 0 0 0 0 0 0 0
car 0 0 0 854.878930499 453.413948852 1104.93104584 658.766857968 0 0 0 0 0 0 0
