ignore 0 0 0 974.829503422 439.280002517 995.995477248 452.623768625 0 0 0 0 0 0 0
pedestrian 0 0 0 1894.35897436 382.594658999 1918.97435897 543.58974359 0 0 0 0 0 0 0
car 0 0 0 0.0 442.277135873 115.897435897 529.230769231 0 0 0 0 0 0 0
pedestrian 0 0 0 1036.40838654 436.059093456 1048.14169812 460.07787245 0 0 0 0 0 0 0
car 0 0 0 994.076438886 441.468571869 1011.56137379 455.962662642 0 0 0 0 0 0 0
pedestrian 0 0 0 1028.35611389 441.008442004 1035.25806187 461.024091165 0 0 0 0 0 0 0
motorcyclist 0 0 0 1162.18433566 434.573335932 1193.19340758 499.930918276 0 0 0 0 0 0 0
bus 0 0 0 962.327478147 430.655520024 978.432023449 450.901234118 0 0 0 0 0 0 0
tricyclelist 0 0 0 1065.8176814 431.520135005 1135.65965261 538.000517334 0 0 0 0 0 0 0
bus 0 0 0 803.115770224 433.477182763 825.158055369 455.011260482 0 0 0 0 0 0 0
bus 0 0 0 915.876771867 430.053817401 929.680667841 449.379271764 0 0 0 0 0 0 0
ignore 0 0 0 929.210434636 432.276406321 961.611246018 447.805789291 0 0 0 0 0 0 0
car 0 0 0 926.909785307 440.52039975 940.521960503 454.324295723 0 0 0 0 0 0 0
ignore 0 0 0 746.795874653 444.748244739 769.986419888 454.134894001 0 0 0 0 0 0 0
pedestrian 0 0 0 1015.70254258 437.327403077 1027.20578922 462.404480763 0 0 0 0 0 0 0
