car 0 0 0 1628.39981007 505.732036924 1918.97435897 858.596074707 0 0 0 0 0 0 0
trafficcone 0 0 0 1121.28026745 511.338095633 1131.44146865 527.442640935 0 0 0 0 0 0 0
car 0 0 0 1298.19758314 477.793162247 1540.54540672 650.966902325 0 0 0 0 0 0 0
car 0 0 0 1235.69756876 494.020402643 1354.96322997 593.077160149 0 0 0 0 0 0 0
car 0 0 0 1208.71755591 493.785581808 1306.1178459 576.940251152 0 0 0 0 0 0 0
car 0 0 0 1408.1995152 463.54472231 1754.81059407 713.716373266 0 0 0 0 0 0 0
car 0 0 0 1064.90129053 491.800909818 1093.46768636 515.957727771 0 0 0 0 0 0 0
truck 0 0 0 895.498062298 461.355093999 1053.24165204 525.560222204 0 0 0 0 0 0 0
bus 0 0 0 753.96829798 459.18601288 813.96829798 521.237294931 0 0 0 0 0 0 0
ignore 0 0 0 89.9715099715 485.789806901 645.928781958 591.638176638 0 0 0 0 0 0 0
car 0 0 0 1179.74829046 491.723432986 1260.73114683 563.273627116 0 0 0 0 0 0 0
car 0 0 0 1142.93790119 487.812329127 1222.31030304 547.169081813 0 0 0 0 0 0 0
ignore 0 0 0 1052.71324941 488.5143269 1072.72889858 510.600560457 0 0 0 0 0 0 0
car 0 0 0 1079.28034883 487.007890382 1117.81622509 516.724610881 0 0 0 0 0 0 0
ignore 0 0 0 1276.24128576 493.986169773 1335.87411636 604.505682495 0 0 0 0 0 0 0
ignore 0 0 0 811.661733819 493.830084276 871.148913306 517.248887695 0 0 0 0 0 0 0
trafficcone 0 0 0 1091.01906074 503.660268315 1123.6115929 521.873742169 0 0 0 0 0 0 0
bus 0 0 0 687.378415981 456.385065791 765.140363298 526.784935256 0 0 0 0 0 0 0
car 0 0 0 543.956957256 489.68704911 616.178940989 544.019183662 0 0 0 0 0 0 0
