ignore 0 0 0 1097.63137397 438.926134263 1122.07581841 461.148356485 0 0 0 0 0 0 0
car 0 0 0 1256.52211793 439.902954234 1319.26399827 477.885860217 0 0 0 0 0 0 0
car 0 0 0 1125.21491131 441.412325562 1153.07815918 463.805487955 0 0 0 0 0 0 0
pedestrian 0 0 0 1203.34414208 434.251983681 1215.13901388 462.628052057 0 0 0 0 0 0 0
pedestrian 0 0 0 1191.72021046 443.482752912 1201.63474037 462.798992228 0 0 0 0 0 0 0
car 0 0 0 2.5641025641 472.778800397 528.730780711 921.211002075 0 0 0 0 0 0 0
car 0 0 0 713.293562768 445.355060542 752.096981572 476.808051995 0 0 0 0 0 0 0
ignore 0 0 0 122.332775399 433.163812596 365.888715956 489.595979855 0 0 0 0 0 0 0
car 0 0 0 739.215848848 400.950397264 1162.60208927 788.2404916 0 0 0 0 0 0 0
car 0 0 0 1324.76858116 434.180590681 1357.79422219 466.385718886 0 0 0 0 0 0 0
car 0 0 0 1152.83474037 439.045146074 1189.92875747 467.079334109 0 0 0 0 0 0 0
tricyclelist 0 0 0 1214.64177605 441.591843123 1233.61613502 476.805518337 0 0 0 0 0 0 0
car 0 0 0 1346.71729911 431.924180424 1388.56345296 467.616488116 0 0 0 0 0 0 0
tricyclelist 0 0 0 1226.43664784 440.604111603 1253.95801537 478.002099534 0 0 0 0 0 0 0
pedestrian 0 0 0 1369.41998343 429.397507083 1381.31741932 457.70519939 0 0 0 0 0 0 0
truck 0 0 0 1.02564102564 427.769525305 106.307101273 499.093826226 0 0 0 0 0 0 0
car 0 0 0 1358.85140779 449.749364483 1829.08251556 774.021327585 0 0 0 0 0 0 0
car 0 0 0 1652.02049574 425.168303859 1741.74581957 463.129017786 0 0 0 0 0 0 0
car 0 0 0 1353.84389867 436.873684259 1470.63801007 483.755457649 0 0 0 0 0 0 0
car 0 0 0 1114.78756089 439.531983681 1142.30892841 462.437966587 0 0 0 0 0 0 0
pedestrian 0 0 0 1538.30397192 423.129114638 1559.46994575 474.20352974 0 0 0 0 0 0 0
ignore 0 0 0 1358.90995903 425.613150273 1658.35819068 462.012891698 0 0 0 0 0 0 0
ignore 0 0 0 1740.49505603 416.704700139 1773.8544713 452.59482967 0 0 0 0 0 0 0
ignore 0 0 0 731.291237982 438.324906695 763.427990119 452.512940883 0 0 0 0 0 0 0
bus 0 0 0 741.205767896 425.162513533 784.795511486 466.35909473 0 0 0 0 0 0 0
pedestrian 0 0 0 1373.72767573 429.397507083 1393.50203471 467.30519939 0 0 0 0 0 0 0
car 0 0 0 540.706262871 437.496009117 650.025450149 518.310638301 0 0 0 0 0 0 0
car 0 0 0 510.376035884 451.016645431 591.266866289 507.842683855 0 0 0 0 0 0 0
van 0 0 0 348.074483162 427.968034834 492.868149327 556.666358293 0 0 0 0 0 0 0
pedestrian 0 0 0 1517.36806303 421.058530242 1538.07390699 481.565607592 0 0 0 0 0 0 0
