ignore 0 0 0 671.503850453 490.342045215 711.57711262 526.121743578 0 0 0 0 0 0 0
car 0 0 0 1871.74515713 439.497643417 1918.97435897 538.2496109 0 0 0 0 0 0 0
car 0 0 0 998.26411486 443.272201794 1032.38734571 461.493344479 0 0 0 0 0 0 0
car 0 0 0 1114.7039114 444.9011693 1144.8516202 463.122311985 0 0 0 0 0 0 0
car 0 0 0 1135.90669561 443.575995286 1171.02380697 463.784898991 0 0 0 0 0 0 0
van 0 0 0 56.103988604 423.215152474 333.090376701 621.886936794 0 0 0 0 0 0 0
car 0 0 0 1249.31732147 440.021108356 1292.93763274 471.217913256 0 0 0 0 0 0 0
motorcyclist 0 0 0 1227.50716583 461.831263994 1249.31732147 512.077445337 0 0 0 0 0 0 0
pedestrian 0 0 0 1326.89521684 458.51832896 1344.8402816 506.003731109 0 0 0 0 0 0 0
car 0 0 0 1282.25673019 437.732974559 1328.53180674 471.604422343 0 0 0 0 0 0 0
ignore 0 0 0 1180.2978416 440.573264194 1257.87573697 458.794406879 0 0 0 0 0 0 0
car 0 0 0 1368.41467851 444.260612127 1420.04124945 479.04642998 0 0 0 0 0 0 0
bus 0 0 0 471.720964792 411.811447012 613.236827758 533.40517393 0 0 0 0 0 0 0
car 0 0 0 1468.31021816 433.038596856 1568.01631093 498.873241845 0 0 0 0 0 0 0
ignore 0 0 0 1318.19720927 432.70509473 1400.0267046 460.865042516 0 0 0 0 0 0 0
car 0 0 0 1633.69089736 440.451768707 1755.81893444 511.534102789 0 0 0 0 0 0 0
van 0 0 0 1401.04438524 436.537056252 1476.579304 492.591917021 0 0 0 0 0 0 0
car 0 0 0 1737.69055393 439.020580773 1879.8552221 528.708358003 0 0 0 0 0 0 0
car 0 0 0 1551.31911836 433.515659501 1653.41052436 505.075056228 0 0 0 0 0 0 0
ignore 0 0 0 938.631284254 445.922549821 984.018494215 457.849115942 0 0 0 0 0 0 0
ignore 0 0 0 1827.85539381 431.387578455 1900.84597847 473.369091201 0 0 0 0 0 0 0
