bus 0 0 0 0.712250712251 374.563152896 187.402199009 544.095429993 0 0 0 0 0 0 0
van 0 0 0 942.383986495 437.875938058 981.016465128 478.901579084 0 0 0 0 0 0 0
car 0 0 0 986.067882894 439.973318681 1000.7687376 453.819472528 0 0 0 0 0 0 0
car 0 0 0 1006.23882307 443.3921221 1029.82856665 459.63143834 0 0 0 0 0 0 0
pedestrian 0 0 0 1118.88249896 442.253108083 1126.23292631 462.424048254 0 0 0 0 0 0 0
cyclist 0 0 0 1775.27326808 435.282704444 1824.50716372 531.047546133 0 0 0 0 0 0 0
pedestrian 0 0 0 747.62244083 435.459834255 752.750645959 448.280347076 0 0 0 0 0 0 0
car 0 0 0 330.79309703 434.802042665 489.94119535 563.036481599 0 0 0 0 0 0 0
truck 0 0 0 424.078275279 386.3512991 543.820999134 501.904359785 0 0 0 0 0 0 0
car 0 0 0 887.278261187 442.70101188 914.286808195 468.342037521 0 0 0 0 0 0 0
pedestrian 0 0 0 281.608085588 449.520308707 291.040747837 476.437905856 0 0 0 0 0 0 0
car 0 0 0 902.561764273 436.084485067 964.346379658 493.438331221 0 0 0 0 0 0 0
car 0 0 0 820.440654349 444.778276837 854.799628708 471.274003333 0 0 0 0 0 0 0
car 0 0 0 1015.12771195 438.947677656 1033.76019059 458.092976801 0 0 0 0 0 0 0
ignore 0 0 0 784.626351235 435.398032509 863.328823913 453.256986355 0 0 0 0 0 0 0
car 0 0 0 1166.61367603 450.587421503 1320.16641449 552.67234458 0 0 0 0 0 0 0
pedestrian 0 0 0 1472.16225201 428.8465807 1507.60840586 521.892734546 0 0 0 0 0 0 0
car 0 0 0 861.124415033 442.214174273 877.876551785 457.085969145 0 0 0 0 0 0 0
pedestrian 0 0 0 728.477141685 434.6051334 733.776286984 446.400005195 0 0 0 0 0 0 0
car 0 0 0 448.546422813 436.119724134 697.000648247 619.311779754 0 0 0 0 0 0 0
bus 0 0 0 771.40226989 432.84704793 789.180047668 449.565280372 0 0 0 0 0 0 0
pedestrian 0 0 0 737.032298238 435.496006116 744.553665759 452.59002321 0 0 0 0 0 0 0
ignore 0 0 0 722.839470067 441.265793193 755.627162375 450.127331654 0 0 0 0 0 0 0
ignore 0 0 0 874.610875195 435.965225671 909.687798272 444.580610287 0 0 0 0 0 0 0
bus 0 0 0 640.207893271 411.62894784 716.140364242 474.202604616 0 0 0 0 0 0 0
