car 0 0 0 1540.48300906 401.141223 1615.85890694 447.893362195 0 0 0 0 0 0 0
car 0 0 0 864.690119646 440.086737774 961.438424021 526.53048902 0 0 0 0 0 0 0
pedestrian 0 0 0 1869.656234 393.985283327 1883.4910507 440.737422522 0 0 0 0 0 0 0
pedestrian 0 0 0 1105.45855568 438.596954187 1116.39124129 473.051478537 0 0 0 0 0 0 0
motorcyclist 0 0 0 1019.2851371 439.391353249 1038.8314538 480.80304117 0 0 0 0 0 0 0
car 0 0 0 679.203207375 434.728239471 803.239495035 538.250833402 0 0 0 0 0 0 0
car 0 0 0 853.860797608 440.229856568 882.087004095 471.636480687 0 0 0 0 0 0 0
car 0 0 0 795.993098789 439.514262601 857.247942387 492.181978591 0 0 0 0 0 0 0
car 0 0 0 753.819071343 425.202383255 838.928736825 501.914056546 0 0 0 0 0 0 0
car 0 0 0 862.906153885 432.414898741 1021.76801462 568.377752522 0 0 0 0 0 0 0
car 0 0 0 241.883243642 425.601719954 602.95478527 691.047008547 0 0 0 0 0 0 0
motorcyclist 0 0 0 1055.80148845 438.063319235 1076.31518218 480.521894626 0 0 0 0 0 0 0
pedestrian 0 0 0 1838.17009944 391.122907458 1852.95904143 441.691547812 0 0 0 0 0 0 0
motorcyclist 0 0 0 1402.24438113 451.401990785 1488.80262741 582.613300623 0 0 0 0 0 0 0
cyclist 0 0 0 1205.59915893 432.815630142 1238.99354407 519.641031503 0 0 0 0 0 0 0
ignore 0 0 0 675.593862236 442.199826383 701.832307702 457.942893663 0 0 0 0 0 0 0
bus 0 0 0 905.145031929 396.896666328 979.487294084 487.538568848 0 0 0 0 0 0 0
car 0 0 0 1170.17961523 435.874188622 1245.05194699 468.340951952 0 0 0 0 0 0 0
car 0 0 0 834.778291815 443.807826404 874.533512218 479.985076972 0 0 0 0 0 0 0
