ignore 0 0 0 1572.27029903 428.201559959 1611.84146749 444.766235128 0 0 0 0 0 0 0
car 0 0 0 1276.19696261 442.338671238 1383.5360577 489.382348715 0 0 0 0 0 0 0
tricyclelist 0 0 0 1415.69177264 439.900719606 1459.86423976 483.382991923 0 0 0 0 0 0 0
tricyclelist 0 0 0 1499.62645413 434.868739394 1573.47729759 482.722245436 0 0 0 0 0 0 0
motorcyclist 0 0 0 1109.96992266 446.984009162 1121.76479446 470.402812581 0 0 0 0 0 0 0
ignore 0 0 0 1721.90968484 420.432978087 1916.33341101 452.873237937 0 0 0 0 0 0 0
pedestrian 0 0 0 469.044559749 450.805900675 477.591568296 476.617866487 0 0 0 0 0 0 0
pedestrian 0 0 0 415.085232023 447.198326794 426.367283305 469.762429359 0 0 0 0 0 0 0
pedestrian 0 0 0 445.683522621 452.497472094 455.427112365 480.531660128 0 0 0 0 0 0 0
pedestrian 0 0 0 210.153463248 446.139116073 222.973976068 483.233133167 0 0 0 0 0 0 0
cyclist 0 0 0 122.260512821 446.163950261 148.927179487 490.246001543 0 0 0 0 0 0 0
motorcyclist 0 0 0 280.040806838 452.425250774 300.895507692 489.177387526 0 0 0 0 0 0 0
pedestrian 0 0 0 44.7863247863 432.892888381 57.264957265 469.986905475 0 0 0 0 0 0 0
tricyclelist 0 0 0 365.507668342 443.850662713 397.473480308 488.636987499 0 0 0 0 0 0 0
car 0 0 0 282.87518971 453.695066131 329.398266633 488.402758439 0 0 0 0 0 0 0
motorcyclist 0 0 0 1179.27196061 447.246612037 1195.85315719 474.767979558 0 0 0 0 0 0 0
truck 0 0 0 1043.79072749 435.077143881 1092.2009839 475.487400291 0 0 0 0 0 0 0
truck 0 0 0 586.904118358 395.335691715 655.433349128 485.427999408 0 0 0 0 0 0 0
van 0 0 0 1141.73256852 440.163493007 1182.87648396 472.813065656 0 0 0 0 0 0 0
car 0 0 0 588.327949281 450.460508271 632.635641588 487.793841605 0 0 0 0 0 0 0
car 0 0 0 473.295071332 446.810079554 530.895071332 492.299310323 0 0 0 0 0 0 0
car 0 0 0 648.025043517 442.986810138 701.194274286 488.476040907 0 0 0 0 0 0 0
car 0 0 0 817.636465055 439.10561383 872.623295824 487.292296907 0 0 0 0 0 0 0
car 0 0 0 961.779341499 443.899850548 999.215238935 473.985320634 0 0 0 0 0 0 0
car 0 0 0 997.270737085 445.750264004 1044.20398339 478.649549408 0 0 0 0 0 0 0
ignore 0 0 0 662.357941257 432.191585789 708.511787411 445.524919123 0 0 0 0 0 0 0
pedestrian 0 0 0 9.42954533279 441.234768723 23.104759008 482.944170432 0 0 0 0 0 0 0
pedestrian 0 0 0 521.976062792 442.260480641 534.69401151 490.055352436 0 0 0 0 0 0 0
car 0 0 0 312.797651248 453.045219977 357.105343556 487.260604593 0 0 0 0 0 0 0
ignore 0 0 0 694.255377154 444.054833653 720.511787411 484.259961858 0 0 0 0 0 0 0
motorcyclist 0 0 0 1238.41178967 446.747466738 1253.96734522 477.174817165 0 0 0 0 0 0 0
pedestrian 0 0 0 459.529676467 450.788070384 468.418565356 479.335078931 0 0 0 0 0 0 0
motorcyclist 0 0 0 251.663570571 447.862658649 271.4926304 489.230180017 0 0 0 0 0 0 0
ignore 0 0 0 551.82950365 447.561049037 571.145742966 472.860194336 0 0 0 0 0 0 0
truck 0 0 0 705.790912205 427.349870177 736.313989128 471.411408638 0 0 0 0 0 0 0
pedestrian 0 0 0 433.717710655 450.617130213 444.486941425 482.241061837 0 0 0 0 0 0 0
van 0 0 0 878.051958634 440.964297593 912.308368891 473.784810414 0 0 0 0 0 0 0
pedestrian 0 0 0 1124.49983719 446.813068991 1133.21778591 472.454094632 0 0 0 0 0 0 0
car 0 0 0 902.55347445 448.128954316 930.245782142 471.376817564 0 0 0 0 0 0 0
pedestrian 0 0 0 218.472642735 447.277714364 232.660676923 487.277714364 0 0 0 0 0 0 0
car 0 0 0 511.381569793 450.390928784 559.873877486 488.544774938 0 0 0 0 0 0 0
ignore 0 0 0 790.511532505 440.959999328 819.754609428 483.199999328 0 0 0 0 0 0 0
car 0 0 0 559.312489178 446.73871463 613.958643024 490.455637707 0 0 0 0 0 0 0
cyclist 0 0 0 69.6119357265 443.453522911 107.218773333 489.436428894 0 0 0 0 0 0 0
car 0 0 0 731.752403517 444.235459984 791.321634286 488.745589215 0 0 0 0 0 0 0
ignore 0 0 0 395.069093083 448.555507512 473.050631544 481.638584436 0 0 0 0 0 0 0
car 0 0 0 924.294213294 447.082072771 949.764298764 468.278653967 0 0 0 0 0 0 0
pedestrian 0 0 0 171.333251282 444.178549919 188.974276923 487.255472996 0 0 0 0 0 0 0
