pedestrian 0 0 0 1907.7560706 440.624796419 1917.0322887 472.760266246 0 0 0 0 0 0 0
truck 0 0 0 1893.03119834 427.239075891 1917.76212585 466.39637778 0 0 0 0 0 0 0
car 0 0 0 1864.17844958 447.848182149 1890.97028771 474.640020283 0 0 0 0 0 0 0
pedestrian 0 0 0 1769.6996222 447.297267662 1782.75755192 490.032310397 0 0 0 0 0 0 0
pedestrian 0 0 0 1857.54727882 442.463735097 1864.30566629 469.497284972 0 0 0 0 0 0 0
truck 0 0 0 1428.3141116 391.684663047 1623.41365084 499.538985793 0 0 0 0 0 0 0
car 0 0 0 1523.2424029 455.853029736 1623.99803349 534.282128548 0 0 0 0 0 0 0
car 0 0 0 1268.00112553 452.766742288 1490.22334775 583.820873342 0 0 0 0 0 0 0
truck 0 0 0 457.910731244 258.404558405 1177.5688509 719.943019943 0 0 0 0 0 0 0
van 0 0 0 1.02564102564 387.692307692 312.820512821 800.0 0 0 0 0 0 0 0
car 0 0 0 1683.18005898 447.386409114 1762.86860318 499.538985793 0 0 0 0 0 0 0
truck 0 0 0 1573.26482561 403.363156593 1739.51161609 484.425641205 0 0 0 0 0 0 0
ignore 0 0 0 1825.38289216 425.346203267 1894.14320465 451.451071193 0 0 0 0 0 0 0
ignore 0 0 0 1439.08855235 442.686100738 1557.59091333 459.287880779 0 0 0 0 0 0 0
truck 0 0 0 1708.28839144 415.041650139 1825.38289216 484.425641205 0 0 0 0 0 0 0
car 0 0 0 1431.348688 452.721972185 1573.03629352 557.198691406 0 0 0 0 0 0 0
truck 0 0 0 1663.44450282 411.606799096 1791.72135194 478.929879536 0 0 0 0 0 0 0
car 0 0 0 1072.47863248 464.615384615 1301.53846154 627.008547009 0 0 0 0 0 0 0
car 0 0 0 1759.01586151 453.232690264 1899.73437885 574.315311347 0 0 0 0 0 0 0
