ignore 0 0 0 1162.4674199 445.788377867 1193.94030272 473.285738646 0 0 0 0 0 0 0
pedestrian 0 0 0 41.2460411688 452.530452524 61.7862383773 517.795272687 0 0 0 0 0 0 0
motorcyclist 0 0 0 1555.28277892 445.803451045 1586.76891348 511.638096034 0 0 0 0 0 0 0
pedestrian 0 0 0 1534.38743508 432.636522048 1550.41673994 479.5794863 0 0 0 0 0 0 0
car 0 0 0 580.812977032 454.331759347 653.631819141 505.167554782 0 0 0 0 0 0 0
car 0 0 0 1290.28402096 446.833906358 1341.80678661 480.495446578 0 0 0 0 0 0 0
car 0 0 0 1399.51228413 436.529353229 1518.35813021 507.974254921 0 0 0 0 0 0 0
car 0 0 0 894.662472301 443.789635433 963.931968333 509.624280422 0 0 0 0 0 0 0
car 0 0 0 1208.51721687 448.107432391 1245.62208925 475.273499667 0 0 0 0 0 0 0
ignore 0 0 0 938.170585511 435.202507826 1029.19413815 451.804287867 0 0 0 0 0 0 0
pedestrian 0 0 0 1569.30842068 432.636522048 1583.04782485 469.847408345 0 0 0 0 0 0 0
bus 0 0 0 1022.32443606 375.092614576 1163.15332882 515.34903216 0 0 0 0 0 0 0
car 0 0 0 1750.66665787 420.214334705 1918.97435897 536.312299954 0 0 0 0 0 0 0
car 0 0 0 901.532174387 450.086862345 1037.78126575 561.719521239 0 0 0 0 0 0 0
car 0 0 0 1612.67700749 427.084036791 1759.00166192 521.885925574 0 0 0 0 0 0 0
ignore 0 0 0 1586.79375955 431.779079113 1615.28500084 477.166289074 0 0 0 0 0 0 0
car 0 0 0 1234.42436883 441.945373228 1279.74532009 478.917728204 0 0 0 0 0 0 0
