trafficcone 0 0 0 1183.94434671 487.425450463 1191.29477407 502.297245335 0 0 0 0 0 0 0
cyclist 0 0 0 1208.74643142 481.454172431 1235.46193953 501.967866159 0 0 0 0 0 0 0
trafficcone 0 0 0 1221.41908176 506.51643166 1232.18831253 530.010886361 0 0 0 0 0 0 0
trafficcone 0 0 0 1231.22448347 498.740705164 1241.65183389 518.911645335 0 0 0 0 0 0 0
trafficcone 0 0 0 1236.36756723 501.243739694 1248.67525954 523.807842258 0 0 0 0 0 0 0
car 0 0 0 783.104855658 469.612591558 851.480924034 495.937377883 0 0 0 0 0 0 0
truck 0 0 0 1053.652772 462.366925593 1130.7467891 493.819917046 0 0 0 0 0 0 0
car 0 0 0 980.802706525 487.493232093 1143.26424499 630.459385939 0 0 0 0 0 0 0
car 0 0 0 949.278187762 468.647475412 973.380751864 488.647475412 0 0 0 0 0 0 0
car 0 0 0 78.0600132289 487.045606863 239.307187186 585.280756481 0 0 0 0 0 0 0
trafficcone 0 0 0 1629.41160177 603.661886275 1661.51266612 680.327761552 0 0 0 0 0 0 0
trafficcone 0 0 0 1250.12976366 531.52653738 1264.28360982 560.654742509 0 0 0 0 0 0 0
trafficcone 0 0 0 1202.47836381 492.565963284 1210.85443218 509.659980378 0 0 0 0 0 0 0
trafficcone 0 0 0 1301.43359683 538.870112683 1325.02334042 579.382933196 0 0 0 0 0 0 0
trafficcone 0 0 0 1219.61813147 520.91651323 1233.97710583 546.557538871 0 0 0 0 0 0 0
car 0 0 0 981.016978052 472.394694011 1021.01697805 503.676745293 0 0 0 0 0 0 0
pedestrian 0 0 0 1057.94760961 472.968653731 1069.74248141 492.441729012 0 0 0 0 0 0 0
ignore 0 0 0 874.742457617 466.877276985 910.999218625 490.637960746 0 0 0 0 0 0 0
trafficcone 0 0 0 1391.33112136 556.354304951 1410.67711142 603.89696949 0 0 0 0 0 0 0
ignore 0 0 0 1036.52513542 479.950971068 1049.24680595 490.287328373 0 0 0 0 0 0 0
