pedestrian 0 0 0 296.429656404 440.691474654 303.321964096 462.106859269 0 0 0 0 0 0 0
ignore 0 0 0 1676.44126838 440.361943257 1752.29422891 487.546788577 0 0 0 0 0 0 0
car 0 0 0 413.960610352 444.158550792 434.131550523 460.132567886 0 0 0 0 0 0 0
van 0 0 0 395.977704369 437.438550792 416.285396677 464.105217458 0 0 0 0 0 0 0
pedestrian 0 0 0 275.683678968 443.469140295 282.247781532 467.567601833 0 0 0 0 0 0 0
pedestrian 0 0 0 1862.10893055 387.331758722 1889.30150131 483.769457032 0 0 0 0 0 0 0
van 0 0 0 570.847596599 405.492154888 703.033704441 539.003436744 0 0 0 0 0 0 0
car 0 0 0 1010.74112891 425.992972224 1077.92061609 468.728014959 0 0 0 0 0 0 0
car 0 0 0 1424.32155533 410.586641665 1564.85288517 467.527712556 0 0 0 0 0 0 0
tricyclelist 0 0 0 1531.42429209 423.375565643 1599.00816678 495.002397453 0 0 0 0 0 0 0
pedestrian 0 0 0 768.563049148 429.821091355 775.925127 443.164857463 0 0 0 0 0 0 0
car 0 0 0 145.803420369 448.72978394 201.871796437 488.216963427 0 0 0 0 0 0 0
pedestrian 0 0 0 1835.76557548 393.525106715 1862.40157315 482.179248216 0 0 0 0 0 0 0
pedestrian 0 0 0 170.983591309 453.398064282 181.923762249 498.685728964 0 0 0 0 0 0 0
truck 0 0 0 1096.53311534 370.100050241 1283.17877688 492.832357933 0 0 0 0 0 0 0
car 0 0 0 808.040933979 426.743571298 944.469439184 534.209662231 0 0 0 0 0 0 0
bus 0 0 0 309.689031549 416.708392843 372.471259241 471.992577458 0 0 0 0 0 0 0
pedestrian 0 0 0 1514.85210642 409.666381934 1534.63769065 477.76560207 0 0 0 0 0 0 0
bus 0 0 0 323.389363856 404.363678997 406.466286933 483.057685151 0 0 0 0 0 0 0
van 0 0 0 1628.17553984 394.177578055 1779.93573265 463.657187788 0 0 0 0 0 0 0
ignore 0 0 0 914.664865915 428.110775786 922.699053949 439.221886897 0 0 0 0 0 0 0
ignore 0 0 0 781.68407959 429.484751854 799.733720615 444.527486897 0 0 0 0 0 0 0
pedestrian 0 0 0 300.246550763 441.263601833 307.836294352 465.263601833 0 0 0 0 0 0 0
