ignore 0 0 0 937.311384364 426.509837127 950.242046725 437.985554301 0 0 0 0 0 0 0
truck 0 0 0 956.295687923 424.124632153 972.201552368 442.416376265 0 0 0 0 0 0 0
truck 0 0 0 917.501273348 419.302561475 938.868794716 443.74700592 0 0 0 0 0 0 0
car 0 0 0 904.851700699 433.148715322 918.185034032 443.74700592 0 0 0 0 0 0 0
van 0 0 0 916.43337445 430.009450425 938.481263852 452.824222937 0 0 0 0 0 0 0
car 0 0 0 725.367293961 437.581213998 747.223462586 452.91887619 0 0 0 0 0 0 0
bus 0 0 0 624.422754907 419.641027836 680.742650478 457.739780722 0 0 0 0 0 0 0
car 0 0 0 808.640088505 434.300695705 820.171840228 445.037154205 0 0 0 0 0 0 0
car 0 0 0 792.73422406 435.095988927 811.821261394 447.025387261 0 0 0 0 0 0 0
car 0 0 0 837.671385054 435.523876924 878.254839216 468.92930518 0 0 0 0 0 0 0
car 0 0 0 539.475478502 444.341211307 582.874927442 468.525637053 0 0 0 0 0 0 0
ignore 0 0 0 852.651679718 424.024924825 877.575380781 437.828820799 0 0 0 0 0 0 0
car 0 0 0 358.382507176 450.018745623 427.401987044 485.448745288 0 0 0 0 0 0 0
bus 0 0 0 814.75231644 425.894585847 832.390627961 443.149455813 0 0 0 0 0 0 0
car 0 0 0 159.718676845 450.668817097 238.911075889 500.760394806 0 0 0 0 0 0 0
car 0 0 0 818.581253783 433.505402483 833.691825006 443.844214372 0 0 0 0 0 0 0
car 0 0 0 776.726264072 434.928468878 793.981134039 447.965481742 0 0 0 0 0 0 0
car 0 0 0 696.992618905 435.472285446 726.325897848 455.219525519 0 0 0 0 0 0 0
