car 0 0 0 284.077347475 433.653728964 573.622853898 643.692887312 0 0 0 0 0 0 0
car 0 0 0 916.088039836 444.982880458 1048.82320468 543.143316736 0 0 0 0 0 0 0
truck 0 0 0 873.933728116 418.53446498 924.58235716 463.725025304 0 0 0 0 0 0 0
tricyclelist 0 0 0 1029.67095229 431.363804996 1053.59405643 467.931978463 0 0 0 0 0 0 0
pedestrian 0 0 0 991.735744304 437.34458103 1000.27971007 461.438564483 0 0 0 0 0 0 0
ignore 0 0 0 1062.48581473 439.906434649 1074.79350704 463.291050033 0 0 0 0 0 0 0
pedestrian 0 0 0 1080.9473532 448.521819264 1091.28581473 463.044896187 0 0 0 0 0 0 0
ignore 0 0 0 967.222262117 434.853187851 991.870498768 445.189545156 0 0 0 0 0 0 0
pedestrian 0 0 0 1270.65324173 415.523640559 1296.15375993 485.401683928 0 0 0 0 0 0 0
cyclist 0 0 0 1170.82686521 454.679691891 1193.85358848 501.04427043 0 0 0 0 0 0 0
truck 0 0 0 720.661537526 359.421205538 847.158519625 502.255201713 0 0 0 0 0 0 0
van 0 0 0 1003.75793146 433.68877857 1030.29915628 464.536144005 0 0 0 0 0 0 0
pedestrian 0 0 0 1073.07043012 447.53720388 1081.68581473 461.075665418 0 0 0 0 0 0 0
van 0 0 0 892.26894544 421.167462175 969.514051333 514.616207393 0 0 0 0 0 0 0
