car 0 0 0 207.905695498 493.005260177 322.003178056 566.114632062 0 0 0 0 0 0 0
car 0 0 0 557.13783929 501.058338816 617.199377751 542.904492662 0 0 0 0 0 0 0
car 0 0 0 619.657131234 493.732409939 674.057131234 535.578563785 0 0 0 0 0 0 0
car 0 0 0 304.297392518 504.327278028 410.777774847 561.57479541 0 0 0 0 0 0 0
car 0 0 0 1073.95217129 490.482629169 1087.79832514 503.815962502 0 0 0 0 0 0 0
car 0 0 0 1139.57934645 500.639327089 1199.58794978 548.952962996 0 0 0 0 0 0 0
truck 0 0 0 1201.32184182 388.851880509 1360.6607652 595.897068371 0 0 0 0 0 0 0
car 0 0 0 649.195592773 496.686256093 691.534054311 534.101640709 0 0 0 0 0 0 0
car 0 0 0 392.265788787 502.430152974 474.757871125 548.811243445 0 0 0 0 0 0 0
car 0 0 0 1085.91798326 489.456988143 1109.50772685 511.508270195 0 0 0 0 0 0 0
pedestrian 0 0 0 740.11403375 489.446840122 766.211403537 552.061312257 0 0 0 0 0 0 0
car 0 0 0 1093.61029095 493.901432588 1117.88379522 514.585193272 0 0 0 0 0 0 0
ignore 0 0 0 721.15548708 486.796492095 865.93074805 529.202060525 0 0 0 0 0 0 0
car 0 0 0 1173.293273 501.780181726 1238.55809316 578.308981003 0 0 0 0 0 0 0
bus 0 0 0 1032.97793659 467.254890089 1074.6873383 516.314719148 0 0 0 0 0 0 0
car 0 0 0 1339.99153164 505.206044654 1582.81641787 687.921037629 0 0 0 0 0 0 0
barrowlist 0 0 0 1103.1370942 498.446565743 1140.57326008 563.711385906 0 0 0 0 0 0 0
car 0 0 0 684.369760246 500.008545639 723.015914092 529.547007177 0 0 0 0 0 0 0
