motorcyclist 0 0 0 1314.47777074 434.883621751 1344.01748971 492.589119271 0 0 0 0 0 0 0
car 0 0 0 1141.36127818 441.066353628 1220.94551051 500.832761774 0 0 0 0 0 0 0
car 0 0 0 1088.58684183 435.570591959 1141.36127818 483.65850656 0 0 0 0 0 0 0
car 0 0 0 1441.31551681 440.725609077 1762.05128205 651.623931624 0 0 0 0 0 0 0
ignore 0 0 0 1386.81861349 399.678124231 1918.49657944 441.720700995 0 0 0 0 0 0 0
van 0 0 0 1200.44071612 424.579068622 1270.51167739 484.345476768 0 0 0 0 0 0 0
car 0 0 0 988.16692167 439.005443002 1039.06784854 484.345476768 0 0 0 0 0 0 0
bus 0 0 0 990.020080699 391.674090219 1059.1941642 474.762500863 0 0 0 0 0 0 0
ignore 0 0 0 1058.72581865 429.123096268 1099.25706095 475.837070451 0 0 0 0 0 0 0
bus 0 0 0 1055.97793781 403.018228342 1095.1352397 464.158576905 0 0 0 0 0 0 0
