pedestrian 0 0 0 1310.93920751 444.886029531 1321.98232429 477.325185068 0 0 0 0 0 0 0
car 0 0 0 880.785010447 440.812568565 956.98251622 504.862645882 0 0 0 0 0 0 0
car 0 0 0 963.297477006 440.262028057 993.722092391 467.678807544 0 0 0 0 0 0 0
pedestrian 0 0 0 1290.92355835 442.585380202 1304.95751926 476.63499027 0 0 0 0 0 0 0
bus 0 0 0 657.387581857 426.848533667 709.382256691 469.410546252 0 0 0 0 0 0 0
ignore 0 0 0 846.164951139 440.311975418 871.017864334 451.247257223 0 0 0 0 0 0 0
bus 0 0 0 690.644541543 427.428604051 730.522463244 466.923084198 0 0 0 0 0 0 0
ignore 0 0 0 943.991138544 428.770746005 1034.37883085 450.333822928 0 0 0 0 0 0 0
car 0 0 0 1007.3097847 444.638807544 1038.62055393 468.860346005 0 0 0 0 0 0 0
ignore 0 0 0 728.702380456 442.157623204 738.958790712 452.488009146 0 0 0 0 0 0 0
car 0 0 0 719.185386832 448.551935756 841.313423912 546.826840594 0 0 0 0 0 0 0
truck 0 0 0 1625.64102564 230.805634695 1918.97435897 648.205128205 0 0 0 0 0 0 0
ignore 0 0 0 772.749798146 428.116100089 788.987034767 449.9866637 0 0 0 0 0 0 0
pedestrian 0 0 0 83.1139268778 466.954573318 95.9976770781 500.834064585 0 0 0 0 0 0 0
car 0 0 0 924.81981901 446.064964583 965.482696944 486.542040148 0 0 0 0 0 0 0
ignore 0 0 0 431.66609486 446.740406354 465.539711904 477.981777732 0 0 0 0 0 0 0
bus 0 0 0 509.08510936 422.869580406 597.341698656 482.899963215 0 0 0 0 0 0 0
cyclist 0 0 0 258.047044487 461.594663612 277.96887226 501.340917665 0 0 0 0 0 0 0
car 0 0 0 709.965178854 470.360873694 995.002857796 707.777777778 0 0 0 0 0 0 0
bus 0 0 0 576.271431842 424.459789222 637.892023468 477.731784563 0 0 0 0 0 0 0
car 0 0 0 1126.35881608 453.711617601 1338.22042841 608.371510558 0 0 0 0 0 0 0
bus 0 0 0 1068.15908794 366.659820169 1211.13211225 522.182242388 0 0 0 0 0 0 0
pedestrian 0 0 0 388.772543369 460.702674259 401.886244544 490.372077682 0 0 0 0 0 0 0
car 0 0 0 730.753662507 446.163222821 753.1468249 464.11194077 0 0 0 0 0 0 0
bus 0 0 0 616.42420445 425.652445834 668.901095383 475.744023542 0 0 0 0 0 0 0
ignore 0 0 0 1393.30346907 446.563715869 1407.65952088 482.4538454 0 0 0 0 0 0 0
bus 0 0 0 734.641997914 425.796494857 776.394892082 462.910178561 0 0 0 0 0 0 0
