car 0 0 0 1653.41437619 413.781159914 1750.48337268 458.837076371 0 0 0 0 0 0 0
ignore 0 0 0 923.876728939 439.4039938 945.410806658 459.281604002 0 0 0 0 0 0 0
bus 0 0 0 808.584905117 438.781046034 827.730204263 460.319507573 0 0 0 0 0 0 0
ignore 0 0 0 762.601999134 448.695575949 797.302853835 459.977627231 0 0 0 0 0 0 0
car 0 0 0 804.653281186 449.550276803 821.063537596 463.39643065 0 0 0 0 0 0 0
car 0 0 0 20.6327410856 458.741353131 180.051174904 542.624868183 0 0 0 0 0 0 0
car 0 0 0 874.115421291 442.63331618 930.012857188 465.710239257 0 0 0 0 0 0 0
car 0 0 0 941.735764539 442.352624214 1003.61610642 465.600487462 0 0 0 0 0 0 0
ignore 0 0 0 0.0 469.606688522 35.2661024731 503.247821514 0 0 0 0 0 0 0
tricyclelist 0 0 0 970.111832915 440.231051564 987.889610693 469.119940453 0 0 0 0 0 0 0
cyclist 0 0 0 1013.53063633 442.966094299 1033.53063633 465.359256693 0 0 0 0 0 0 0
car 0 0 0 820.881621633 447.760153787 871.138031889 466.56357259 0 0 0 0 0 0 0
van 0 0 0 19.0425322695 434.888220889 152.620072826 532.288510878 0 0 0 0 0 0 0
tricyclelist 0 0 0 998.487901291 444.84643618 1017.46226027 469.461820795 0 0 0 0 0 0 0
motorcyclist 0 0 0 1028.74431155 444.504555838 1039.85542266 470.31652165 0 0 0 0 0 0 0
