pedestrian 0 0 0 5.71544900529 485.037747294 23.4968459106 548.542736242 0 0 0 0 0 0 0
cyclist 0 0 0 1746.20531983 479.792563086 1815.64443813 579.021593214 0 0 0 0 0 0 0
pedestrian 0 0 0 127.334681756 477.287937317 141.693656115 520.994404575 0 0 0 0 0 0 0
ignore 0 0 0 37.6289965179 475.237162233 147.103563402 528.326474623 0 0 0 0 0 0 0
car 0 0 0 141.850532869 470.556346945 252.315342408 541.085288359 0 0 0 0 0 0 0
car 0 0 0 522.473092751 469.2254933 727.754420994 618.147912848 0 0 0 0 0 0 0
car 0 0 0 1022.80840662 459.978997397 1082.66786652 508.190975279 0 0 0 0 0 0 0
car 0 0 0 776.933045828 453.042709111 840.035255621 508.700017676 0 0 0 0 0 0 0
car 0 0 0 415.450113756 462.355866703 480.052346912 516.778554812 0 0 0 0 0 0 0
car 0 0 0 463.559622606 462.477941438 515.13251173 502.355863139 0 0 0 0 0 0 0
car 0 0 0 241.456476484 470.630087362 319.885575296 529.022555091 0 0 0 0 0 0 0
car 0 0 0 302.488920544 469.490914773 350.595387581 496.656982049 0 0 0 0 0 0 0
car 0 0 0 519.360735993 464.784440949 570.665216028 504.585674339 0 0 0 0 0 0 0
car 0 0 0 360.428563608 464.135896978 451.452116244 540.275095095 0 0 0 0 0 0 0
van 0 0 0 840.158344851 428.374404614 1024.55641484 578.64913774 0 0 0 0 0 0 0
ignore 0 0 0 1002.22697056 444.085553499 1064.30121696 545.525482748 0 0 0 0 0 0 0
car 0 0 0 705.738124962 456.376422873 803.138414951 537.477072497 0 0 0 0 0 0 0
car 0 0 0 1258.06674126 443.451144925 1559.44286167 674.336074131 0 0 0 0 0 0 0
bus 0 0 0 1484.1025641 319.532566744 1792.5507635 542.803146214 0 0 0 0 0 0 0
pedestrian 0 0 0 109.981546713 478.528716805 123.520008252 521.195383471 0 0 0 0 0 0 0
car 0 0 0 647.924976258 480.0 1067.36150681 806.585944919 0 0 0 0 0 0 0
pedestrian 0 0 0 1810.40893199 441.064854861 1846.12899752 576.711480894 0 0 0 0 0 0 0
car 0 0 0 1168.76931699 459.543324188 1332.70712427 600.712521633 0 0 0 0 0 0 0
car 0 0 0 1103.02430234 459.176973224 1212.27164801 547.910625165 0 0 0 0 0 0 0
car 0 0 0 1069.92128763 451.109166 1152.04158504 524.547733098 0 0 0 0 0 0 0
ignore 0 0 0 1755.84045584 289.230769231 1918.97435897 570.30442123 0 0 0 0 0 0 0
ignore 0 0 0 649.089158056 452.475100565 856.89764615 488.541036515 0 0 0 0 0 0 0
van 0 0 0 554.49781292 441.824517998 655.158030982 525.302847843 0 0 0 0 0 0 0
