car 0 0 0 637.190830432 508.92793078 679.233407196 537.78067954 0 0 0 0 0 0 0
van 0 0 0 1386.76321621 462.836340614 1635.0617284 683.436213992 0 0 0 0 0 0 0
tricyclelist 0 0 0 996.949433068 503.02336403 1032.25206879 543.032645583 0 0 0 0 0 0 0
car 0 0 0 1022.2297041 499.176747815 1041.7852234 514.361033386 0 0 0 0 0 0 0
motorcyclist 0 0 0 1087.0347625 503.913508706 1112.54436226 568.515741862 0 0 0 0 0 0 0
ignore 0 0 0 1003.84615385 496.011396011 1116.61918329 549.43019943 0 0 0 0 0 0 0
car 0 0 0 1066.42972452 502.481834941 1089.62793859 525.48832823 0 0 0 0 0 0 0
cyclist 0 0 0 1641.02564103 553.846153846 1731.62393162 724.786324786 0 0 0 0 0 0 0
van 0 0 0 1057.22712721 495.771607731 1076.97436728 519.353263353 0 0 0 0 0 0 0
car 0 0 0 1116.36792561 498.603062873 1168.3677539 552.034079096 0 0 0 0 0 0 0
car 0 0 0 1185.61833914 496.580317259 1283.85507896 585.199474166 0 0 0 0 0 0 0
car 0 0 0 1273.00094967 495.481164926 1465.90218424 641.888255777 0 0 0 0 0 0 0
car 0 0 0 1143.02618621 506.197900179 1210.34926665 561.155516865 0 0 0 0 0 0 0
car 0 0 0 1211.72320706 507.571840597 1322.32541064 597.56493792 0 0 0 0 0 0 0
