bus 0 0 0 788.578972451 425.441845957 879.684685876 464.368832602 0 0 0 0 0 0 0
truck 0 0 0 835.006556851 423.228662889 871.978911826 466.164300924 0 0 0 0 0 0 0
ignore 0 0 0 677.505394599 437.683826918 760.02192114 463.922272384 0 0 0 0 0 0 0
pedestrian 0 0 0 438.001515867 455.04335603 450.590668995 484.528477829 0 0 0 0 0 0 0
pedestrian 0 0 0 428.725297773 457.693704057 439.657983384 492.148228407 0 0 0 0 0 0 0
truck 0 0 0 879.134851499 405.736365911 936.38236888 483.656597902 0 0 0 0 0 0 0
pedestrian 0 0 0 1177.50708709 435.360444007 1196.19204068 489.029991552 0 0 0 0 0 0 0
van 0 0 0 941.787238197 421.784174474 1111.13387539 592.078159754 0 0 0 0 0 0 0
car 0 0 0 843.355153136 443.503825294 871.226139366 470.139822965 0 0 0 0 0 0 0
pedestrian 0 0 0 406.528633047 451.730420996 417.792612162 483.534597319 0 0 0 0 0 0 0
motorcyclist 0 0 0 1229.98397802 451.096885417 1272.91961606 542.301986893 0 0 0 0 0 0 0
truck 0 0 0 904.180640353 385.063651301 984.883737773 498.366029451 0 0 0 0 0 0 0
