pedestrian 0 0 0 750.303240925 440.21387279 761.070279784 473.895378965 0 0 0 0 0 0 0
ignore 0 0 0 708.228965998 437.342662427 731.419511233 454.569924602 0 0 0 0 0 0 0
car 0 0 0 1216.56452855 433.392779155 1324.85774893 516.401679358 0 0 0 0 0 0 0
car 0 0 0 1259.50016658 441.979906763 1389.26120598 533.575934573 0 0 0 0 0 0 0
car 0 0 0 1641.33692097 446.372533502 1855.43881947 572.500263797 0 0 0 0 0 0 0
ignore 0 0 0 1812.30769231 432.820512821 1918.97435897 601.025641026 0 0 0 0 0 0 0
car 0 0 0 755.272643476 437.673955931 772.831199154 454.569924602 0 0 0 0 0 0 0
tricyclelist 0 0 0 359.468246724 447.836422236 393.59147757 486.59776213 0 0 0 0 0 0 0
car 0 0 0 500.827902754 446.440667139 550.520426395 481.226484992 0 0 0 0 0 0 0
car 0 0 0 525.803690518 439.398164816 588.08686915 485.270044902 0 0 0 0 0 0 0
bus 0 0 0 594.272283178 422.341631244 651.972568347 463.753319165 0 0 0 0 0 0 0
car 0 0 0 667.673119628 442.410226016 704.866950445 467.717368634 0 0 0 0 0 0 0
car 0 0 0 0.0 451.282051282 113.484351934 498.461538462 0 0 0 0 0 0 0
car 0 0 0 455.275046041 445.336355461 515.183954566 487.024121301 0 0 0 0 0 0 0
ignore 0 0 0 1172.50079139 444.806900918 1198.220956 525.924343147 0 0 0 0 0 0 0
car 0 0 0 571.522193982 443.527063478 615.915523433 477.650294325 0 0 0 0 0 0 0
bus 0 0 0 1370.45477061 305.833900415 1677.87393895 531.802573189 0 0 0 0 0 0 0
car 0 0 0 611.941270024 443.875708963 668.537243516 481.146228091 0 0 0 0 0 0 0
bus 0 0 0 901.06362773 334.582981401 1175.10034386 535.441595442 0 0 0 0 0 0 0
motorcyclist 0 0 0 113.834093906 454.683701004 134.109256312 494.836473612 0 0 0 0 0 0 0
car 0 0 0 1342.35640674 424.805651548 1525.77745243 566.607752102 0 0 0 0 0 0 0
truck 0 0 0 451.132375385 417.199023978 516.5628423 472.414607872 0 0 0 0 0 0 0
car 0 0 0 682.735042735 414.017094017 1168.20512821 837.948717949 0 0 0 0 0 0 0
car 0 0 0 691.995584333 440.986890964 720.486825622 465.502610213 0 0 0 0 0 0 0
