bus 0 0 0 0.0 386.937788733 221.029831111 520.973688904 0 0 0 0 0 0 0
pedestrian 0 0 0 1369.73664714 408.986985652 1520.16695142 698.94801917 0 0 0 0 0 0 0
ignore 0 0 0 922.029529519 439.836894195 955.026973383 455.050569408 0 0 0 0 0 0 0
ignore 0 0 0 656.025122512 437.703037512 875.0112318 454.554237512 0 0 0 0 0 0 0
van 0 0 0 1093.49503219 433.473281203 1150.58904928 478.772426502 0 0 0 0 0 0 0
pedestrian 0 0 0 1363.99478322 395.647082174 1463.63842903 720.02504635 0 0 0 0 0 0 0
motorcyclist 0 0 0 1832.87521368 431.955753022 1879.02905983 486.656607722 0 0 0 0 0 0 0
car 0 0 0 980.958690307 436.484147528 1028.47765099 476.484147528 0 0 0 0 0 0 0
cyclist 0 0 0 1525.84694591 424.931307319 1581.84694591 512.040230396 0 0 0 0 0 0 0
motorcyclist 0 0 0 1597.11819925 430.272473815 1631.00367847 481.725465268 0 0 0 0 0 0 0
car 0 0 0 937.777835606 442.133925306 976.068433896 472.903156075 0 0 0 0 0 0 0
van 0 0 0 356.749915033 401.818142202 629.152513323 556.147249894 0 0 0 0 0 0 0
van 0 0 0 994.971014409 427.344860007 1030.52656996 466.14827881 0 0 0 0 0 0 0
bus 0 0 0 874.685093042 411.118945477 924.086802443 468.212962571 0 0 0 0 0 0 0
car 0 0 0 1805.09100424 695.200350706 1920.0 1005.66627492 0 0 0 0 0 0 0
motorcyclist 0 0 0 1687.69400779 432.864419114 1719.21537532 481.753308003 0 0 0 0 0 0 0
car 0 0 0 0.0 448.205128205 213.313736599 732.080974244 0 0 0 0 0 0 0
