car 0 0 0 850.931472981 450.940869513 986.417264117 564.95884163 0 0 0 0 0 0 0
ignore 0 0 0 774.658536115 433.819978909 810.438234478 450.517171479 0 0 0 0 0 0 0
car 0 0 0 768.178015295 442.019384585 794.160921278 462.190324756 0 0 0 0 0 0 0
car 0 0 0 806.297673414 441.16468373 830.229297346 461.16468373 0 0 0 0 0 0 0
ignore 0 0 0 582.411232376 434.237430837 631.773964377 461.219447517 0 0 0 0 0 0 0
car 0 0 0 1006.32455391 446.510604947 1037.94848553 473.019733153 0 0 0 0 0 0 0
cyclist 0 0 0 1442.18331223 430.003236393 1478.91713588 521.122201558 0 0 0 0 0 0 0
motorcyclist 0 0 0 851.355617603 431.91172833 865.543651791 462.764747984 0 0 0 0 0 0 0
car 0 0 0 305.872764643 436.085317263 377.325756096 463.898759007 0 0 0 0 0 0 0
car 0 0 0 2.94284879974 431.958420657 81.9318090925 467.618485255 0 0 0 0 0 0 0
pedestrian 0 0 0 73.982038244 431.459194472 88.6141679759 477.840284943 0 0 0 0 0 0 0
car 0 0 0 967.38195545 448.507051322 1010.6298187 475.142308203 0 0 0 0 0 0 0
pedestrian 0 0 0 1120.91359065 436.962586225 1146.09189691 500.570938871 0 0 0 0 0 0 0
ignore 0 0 0 964.646912714 442.150855211 976.954605022 461.638034698 0 0 0 0 0 0 0
pedestrian 0 0 0 348.94968772 435.693630802 358.180456951 458.94149405 0 0 0 0 0 0 0
car 0 0 0 468.076950449 444.74571348 528.630796603 495.453405788 0 0 0 0 0 0 0
van 0 0 0 43.0124912783 423.714427229 133.88813977 465.509556704 0 0 0 0 0 0 0
car 0 0 0 209.069746397 431.982529809 302.608207935 504.639219327 0 0 0 0 0 0 0
truck 0 0 0 426.477580603 411.299195326 488.476896842 478.056118403 0 0 0 0 0 0 0
car 0 0 0 832.79339991 443.371136239 849.545536662 457.916820482 0 0 0 0 0 0 0
car 0 0 0 0.833920248231 431.191537548 52.5985301488 470.110855362 0 0 0 0 0 0 0
pedestrian 0 0 0 542.152110518 436.322101309 552.408520774 460.937485925 0 0 0 0 0 0 0
truck 0 0 0 625.911801004 429.001817658 649.327203645 452.694897572 0 0 0 0 0 0 0
car 0 0 0 897.872896236 437.341705249 950.522468885 462.298970206 0 0 0 0 0 0 0
pedestrian 0 0 0 996.954605022 444.36588253 1009.60417767 477.193590254 0 0 0 0 0 0 0
