pedestrian 0 0 0 742.320184079 447.270116665 753.59336579 474.647843679 0 0 0 0 0 0 0
ignore 0 0 0 749.048316554 445.007921666 767.000656428 454.44440801 0 0 0 0 0 0 0
car 0 0 0 642.474705045 444.879809219 676.597935891 480.328214079 0 0 0 0 0 0 0
truck 0 0 0 673.8480747 420.250186634 752.254203829 464.422653749 0 0 0 0 0 0 0
bus 0 0 0 252.64798987 395.071225071 468.301677746 513.779677113 0 0 0 0 0 0 0
ignore 0 0 0 752.703228826 426.36510718 782.863159815 454.205043478 0 0 0 0 0 0 0
truck 0 0 0 400.299154086 413.43442641 510.263302281 501.595603178 0 0 0 0 0 0 0
car 0 0 0 927.710797877 443.195361929 956.929044354 466.892050016 0 0 0 0 0 0 0
car 0 0 0 1115.55001339 446.70239156 1189.97178598 509.674660679 0 0 0 0 0 0 0
car 0 0 0 624.916149366 451.174385783 670.965946334 480.990801086 0 0 0 0 0 0 0
ignore 0 0 0 1066.41697821 444.473890594 1086.57066633 481.744409723 0 0 0 0 0 0 0
car 0 0 0 953.938200227 439.744387935 998.340732275 479.315556392 0 0 0 0 0 0 0
van 0 0 0 784.995224036 440.039561265 807.863743138 467.54806975 0 0 0 0 0 0 0
bus 0 0 0 1014.51432935 409.135916902 1066.14090029 467.112279991 0 0 0 0 0 0 0
car 0 0 0 593.111973043 448.524037756 637.836595997 483.309855609 0 0 0 0 0 0 0
car 0 0 0 1074.14715996 448.062903547 1122.73687378 485.609500595 0 0 0 0 0 0 0
car 0 0 0 1134.63251918 449.564767429 1219.07260732 521.124164156 0 0 0 0 0 0 0
van 0 0 0 1085.9721294 430.005198991 1146.5590853 491.546280175 0 0 0 0 0 0 0
car 0 0 0 571.577895325 454.156027313 615.971224775 489.604432173 0 0 0 0 0 0 0
truck 0 0 0 701.842375734 419.565513394 754.716818871 470.089881763 0 0 0 0 0 0 0
car 0 0 0 1644.1025641 451.282051282 1918.97435897 804.102564103 0 0 0 0 0 0 0
truck 0 0 0 1168.73219373 318.599240266 1382.40740741 557.00538145 0 0 0 0 0 0 0
pedestrian 0 0 0 744.445152483 447.079345497 752.500689607 470.78564046 0 0 0 0 0 0 0
truck 0 0 0 488.347468432 426.900844735 561.051815507 496.170340767 0 0 0 0 0 0 0
car 0 0 0 138.88572333 466.296296296 259.572649573 536.532130421 0 0 0 0 0 0 0
car 0 0 0 549.60231203 450.944802035 597.117751457 491.590539376 0 0 0 0 0 0 0
bus 0 0 0 1006.23199177 414.381397372 1048.19583553 462.971111199 0 0 0 0 0 0 0
truck 0 0 0 1.02564102564 365.128205128 132.307692308 557.948717949 0 0 0 0 0 0 0
bus 0 0 0 1026.66175781 404.442592271 1081.8773417 471.805604622 0 0 0 0 0 0 0
car 0 0 0 1159.43977671 442.885890401 1265.34768387 531.142479697 0 0 0 0 0 0 0
