car 0 0 0 0.0 418.679962013 346.666666667 935.061728395 0 0 0 0 0 0 0
ignore 0 0 0 874.343629141 432.096741194 976.435035137 466.922314267 0 0 0 0 0 0 0
car 0 0 0 336.907237934 453.400203285 408.466634661 498.787413246 0 0 0 0 0 0 0
car 0 0 0 248.348508963 453.858713493 347.959189207 517.403457787 0 0 0 0 0 0 0
car 0 0 0 554.157913909 446.422617707 588.667653842 467.404539587 0 0 0 0 0 0 0
car 0 0 0 980.326253042 434.940586745 1017.65509894 465.94965866 0 0 0 0 0 0 0
car 0 0 0 1098.01610331 428.449659067 1272.33479374 568.229014007 0 0 0 0 0 0 0
car 0 0 0 748.041649294 439.699290407 769.514376364 455.420394154 0 0 0 0 0 0 0
ignore 0 0 0 628.631002936 442.170152849 665.625444145 458.182672178 0 0 0 0 0 0 0
van 0 0 0 512.746225988 439.52066972 543.390875049 456.085344888 0 0 0 0 0 0 0
car 0 0 0 1003.38428088 438.916108786 1065.79997691 490.597895311 0 0 0 0 0 0 0
car 0 0 0 856.687517586 436.928347766 886.106380685 462.371688824 0 0 0 0 0 0 0
van 0 0 0 547.221786293 439.739942051 591.28382224 461.274019769 0 0 0 0 0 0 0
ignore 0 0 0 545.89661228 442.1620855 558.080292024 463.972241138 0 0 0 0 0 0 0
car 0 0 0 822.895580243 432.555273521 873.78226236 475.798775984 0 0 0 0 0 0 0
truck 0 0 0 616.20749656 429.746646473 647.680379379 462.343445799 0 0 0 0 0 0 0
car 0 0 0 780.733354437 463.679170624 1099.72437656 730.773187718 0 0 0 0 0 0 0
car 0 0 0 643.483606998 434.781748649 778.015272844 541.166718449 0 0 0 0 0 0 0
bus 0 0 0 777.459368093 420.777703837 802.030302925 450.929054134 0 0 0 0 0 0 0
ignore 0 0 0 800.662648961 432.181592852 813.31622027 445.065229093 0 0 0 0 0 0 0
bus 0 0 0 953.07268883 416.650552483 989.5149742 455.411892376 0 0 0 0 0 0 0
