pedestrian 0 0 0 1060.62302519 456.538670377 1076.84315511 485.639491713 0 0 0 0 0 0 0
van 0 0 0 959.125359911 457.485823581 990.53198403 487.302238884 0 0 0 0 0 0 0
cyclist 0 0 0 993.357192267 459.878108891 1001.94431987 480.868865264 0 0 0 0 0 0 0
truck 0 0 0 900.685185918 444.366600848 929.706496813 478.556090395 0 0 0 0 0 0 0
truck 0 0 0 909.033782203 450.727436112 940.837958526 489.687552108 0 0 0 0 0 0 0
ignore 0 0 0 1.88983855651 659.050332384 187.075023742 1000.93067426 0 0 0 0 0 0 0
van 0 0 0 922.948109344 442.378839828 979.400522317 508.372505698 0 0 0 0 0 0 0
truck 0 0 0 784.272221929 398.280478761 871.860923522 503.615910743 0 0 0 0 0 0 0
car 0 0 0 565.661118146 447.193248567 723.806848159 579.778498822 0 0 0 0 0 0 0
car 0 0 0 981.417378917 468.054500369 1217.1855545 655.185185185 0 0 0 0 0 0 0
motorcyclist 0 0 0 1019.11857509 454.630419798 1033.90751708 481.822990554 0 0 0 0 0 0 0
