car 0 0 0 311.094391222 388.422855639 363.779260854 414.880322922 0 0 0 0 0 0 0
ignore 0 0 0 588.02038991 424.623936259 617.698766253 434.976858239 0 0 0 0 0 0 0
ignore 0 0 0 1.48385565052 400.684361554 16.3224121557 440.253845568 0 0 0 0 0 0 0
car 0 0 0 72.4060737692 402.053722169 157.704874667 451.286587117 0 0 0 0 0 0 0
ignore 0 0 0 136.770679859 369.255347295 166.984647366 385.55498766 0 0 0 0 0 0 0
car 0 0 0 423.253748361 423.632527925 477.254589409 456.761878261 0 0 0 0 0 0 0
car 0 0 0 76.1564841194 452.066054659 261.638440435 572.423235201 0 0 0 0 0 0 0
car 0 0 0 743.838616597 441.207811925 842.590584079 515.629584521 0 0 0 0 0 0 0
truck 0 0 0 921.573782319 416.448407899 951.942353461 454.639186759 0 0 0 0 0 0 0
car 0 0 0 152.958038761 408.91558524 236.081433998 451.507738172 0 0 0 0 0 0 0
car 0 0 0 672.626521475 439.18124981 737.507041174 486.887514294 0 0 0 0 0 0 0
car 0 0 0 791.715563494 435.854108911 851.679687603 490.186243462 0 0 0 0 0 0 0
car 0 0 0 275.37935158 407.800861582 353.808450393 450.736499618 0 0 0 0 0 0 0
car 0 0 0 879.67803778 430.962744385 980.258745401 516.038916049 0 0 0 0 0 0 0
car 0 0 0 344.569337171 419.870546496 403.009511164 450.084514003 0 0 0 0 0 0 0
car 0 0 0 52.1270449933 330.575108051 134.817903433 379.474029147 0 0 0 0 0 0 0
car 0 0 0 885.803286553 440.222397804 906.739195446 456.096878174 0 0 0 0 0 0 0
