ignore 0 0 0 0.204659089494 453.376939117 27.4688593874 520.141932213 0 0 0 0 0 0 0
ignore 0 0 0 898.916935152 440.763319331 914.156436306 456.002820486 0 0 0 0 0 0 0
car 0 0 0 167.888384885 445.155373183 292.46375188 527.76381243 0 0 0 0 0 0 0
bus 0 0 0 387.256497436 416.814644899 508.96631501 488.722574612 0 0 0 0 0 0 0
van 0 0 0 904.729678444 434.333308951 972.078166661 509.380773406 0 0 0 0 0 0 0
car 0 0 0 547.183308404 451.880599222 588.706982013 482.297117339 0 0 0 0 0 0 0
van 0 0 0 562.306565383 431.064873793 755.405865374 587.326762321 0 0 0 0 0 0 0
car 0 0 0 740.968792259 452.047778537 761.474310091 467.939554857 0 0 0 0 0 0 0
ignore 0 0 0 760.278154885 453.414813059 775.999051889 464.009330606 0 0 0 0 0 0 0
car 0 0 0 255.306472131 459.606851654 323.528637695 506.302605754 0 0 0 0 0 0 0
car 0 0 0 833.653891392 448.635224122 884.234168711 485.716035534 0 0 0 0 0 0 0
bus 0 0 0 1300.96116603 150.37142411 1918.63293095 687.276606 0 0 0 0 0 0 0
car 0 0 0 23.1197563377 463.001861911 146.829203423 527.700319506 0 0 0 0 0 0 0
car 0 0 0 936.169981756 450.117775699 1031.10697591 536.130432729 0 0 0 0 0 0 0
truck 0 0 0 573.840481585 421.464081105 631.255931515 479.904806926 0 0 0 0 0 0 0
bus 0 0 0 1160.7626962 358.855777035 1471.96626746 540.448622759 0 0 0 0 0 0 0
truck 0 0 0 862.190737042 425.908275191 898.246272563 472.045690313 0 0 0 0 0 0 0
car 0 0 0 958.240680096 445.180198867 1227.17770257 668.842925737 0 0 0 0 0 0 0
