car 0 0 0 1193.81426474 433.681759648 1273.04862763 494.195027567 0 0 0 0 0 0 0
ignore 0 0 0 1239.97595973 415.297653209 1260.18026742 422.386883978 0 0 0 0 0 0 0
truck 0 0 0 958.464230436 427.54178298 984.224812453 444.293919733 0 0 0 0 0 0 0
car 0 0 0 710.966408166 440.961904833 732.141162233 455.510077633 0 0 0 0 0 0 0
car 0 0 0 793.6693962 437.090123636 814.865977397 451.278157824 0 0 0 0 0 0 0
ignore 0 0 0 747.276378414 438.73257354 753.986605623 450.235820185 0 0 0 0 0 0 0
van 0 0 0 1103.53437394 413.521094789 1151.08112674 462.026451473 0 0 0 0 0 0 0
pedestrian 0 0 0 1418.11580822 421.153877953 1427.75079961 458.347708771 0 0 0 0 0 0 0
car 0 0 0 818.298931935 440.759180653 961.417725388 550.490951045 0 0 0 0 0 0 0
car 0 0 0 488.026812118 445.574641473 519.992624084 464.036179934 0 0 0 0 0 0 0
car 0 0 0 679.016552851 443.312690151 707.734501569 456.691616094 0 0 0 0 0 0 0
car 0 0 0 635.302150039 442.632358642 665.558560295 459.213555223 0 0 0 0 0 0 0
ignore 0 0 0 345.472309837 450.592273103 352.561540606 464.17996541 0 0 0 0 0 0 0
car 0 0 0 588.546474142 441.836242402 617.264422859 461.152481719 0 0 0 0 0 0 0
ignore 0 0 0 1181.10461904 420.657269209 1197.08942188 427.795730747 0 0 0 0 0 0 0
pedestrian 0 0 0 604.512286107 446.01402018 610.324251919 461.740515907 0 0 0 0 0 0 0
pedestrian 0 0 0 1485.75362063 414.442769833 1499.04592833 460.965846756 0 0 0 0 0 0 0
van 0 0 0 1238.52226293 420.774697732 1273.56499798 453.766150724 0 0 0 0 0 0 0
car 0 0 0 1014.75090753 435.25996978 1126.01030908 521.372869247 0 0 0 0 0 0 0
ignore 0 0 0 846.267586465 430.058398387 914.501432619 443.350706079 0 0 0 0 0 0 0
motorcyclist 0 0 0 1283.42384242 427.583082706 1296.72298772 452.943766467 0 0 0 0 0 0 0
car 0 0 0 24.9429157836 442.644310215 93.4102398122 477.154050148 0 0 0 0 0 0 0
bus 0 0 0 1301.15254259 397.258307989 1380.49456665 463.542615681 0 0 0 0 0 0 0
bus 0 0 0 1338.71823421 389.137987989 1419.62900345 470.95952645 0 0 0 0 0 0 0
van 0 0 0 1142.27981108 412.830434608 1179.37382817 452.830434608 0 0 0 0 0 0 0
ignore 0 0 0 1213.74580588 424.15919167 1241.04324906 435.147499362 0 0 0 0 0 0 0
bus 0 0 0 1019.7645738 362.386715429 1129.79534304 481.93105731 0 0 0 0 0 0 0
car 0 0 0 1169.92779733 425.781477729 1224.65463494 472.345580293 0 0 0 0 0 0 0
pedestrian 0 0 0 1423.00469711 422.346970264 1431.62008172 457.834149751 0 0 0 0 0 0 0
car 0 0 0 1289.4876935 421.353009467 1308.17721433 443.535617855 0 0 0 0 0 0 0
cyclist 0 0 0 1588.57309579 416.242417409 1609.55501767 469.525455867 0 0 0 0 0 0 0
car 0 0 0 1483.94353983 450.60699939 1819.93695262 650.740432978 0 0 0 0 0 0 0
