car 0 0 0 768.099346259 505.019697726 855.229537644 555.70760374 0 0 0 0 0 0 0
truck 0 0 0 1236.42020676 422.886045736 1356.3829095 581.644277861 0 0 0 0 0 0 0
car 0 0 0 622.761319334 504.575831213 733.882681921 568.994012423 0 0 0 0 0 0 0
car 0 0 0 500.10145176 503.328321199 642.743182569 579.181281729 0 0 0 0 0 0 0
ignore 0 0 0 5.12820512821 481.306540396 515.567294502 519.576078928 0 0 0 0 0 0 0
car 0 0 0 712.716708095 504.345766281 803.132226721 561.401869638 0 0 0 0 0 0 0
car 0 0 0 1592.58652527 518.537511871 1918.97435897 785.649298594 0 0 0 0 0 0 0
trafficcone 0 0 0 1684.14371637 672.389322688 1918.97435897 851.992719215 0 0 0 0 0 0 0
car 0 0 0 0.0 508.717948718 223.189300412 838.974358974 0 0 0 0 0 0 0
trafficcone 0 0 0 1490.36328101 587.448006634 1520.84228332 654.818793339 0 0 0 0 0 0 0
ignore 0 0 0 1352.14111271 493.673984184 1495.83238133 569.813182301 0 0 0 0 0 0 0
car 0 0 0 1415.9614932 508.03887049 1509.32000244 594.140211495 0 0 0 0 0 0 0
car 0 0 0 1522.758909 517.316617425 1726.10209073 697.073822002 0 0 0 0 0 0 0
car 0 0 0 1465.53005006 508.847179994 1566.14879509 614.167225233 0 0 0 0 0 0 0
car 0 0 0 3.07692307692 498.632478632 559.589004959 801.58436214 0 0 0 0 0 0 0
car 0 0 0 1485.87677187 507.3555494 1642.47523539 644.842353296 0 0 0 0 0 0 0
car 0 0 0 150.769230769 505.579297246 684.175371953 734.140550807 0 0 0 0 0 0 0
