pedestrian 0 0 0 1725.01878727 420.678236833 1747.44073158 492.714696204 0 0 0 0 0 0 0
car 0 0 0 644.620078358 454.53018173 713.860420561 502.567739718 0 0 0 0 0 0 0
pedestrian 0 0 0 1043.32801323 445.866257132 1059.27878246 487.515487902 0 0 0 0 0 0 0
van 0 0 0 755.735146811 413.915672537 933.975422503 561.530471306 0 0 0 0 0 0 0
ignore 0 0 0 0.630941538462 462.784859491 44.4494769231 491.283567183 0 0 0 0 0 0 0
car 0 0 0 821.38774577 451.959392916 1082.43642503 665.607127783 0 0 0 0 0 0 0
ignore 0 0 0 592.345309038 456.683135703 612.653001346 476.785699805 0 0 0 0 0 0 0
ignore 0 0 0 697.792685648 455.441238864 732.762555447 486.960134671 0 0 0 0 0 0 0
car 0 0 0 725.170412662 458.202018059 752.778204609 482.12877108 0 0 0 0 0 0 0
car 0 0 0 147.4455197 459.180673735 383.989081102 610.648063473 0 0 0 0 0 0 0
pedestrian 0 0 0 1253.54712709 444.755202248 1270.99371784 488.659260275 0 0 0 0 0 0 0
car 0 0 0 327.373596226 458.854754606 394.957470913 493.309278956 0 0 0 0 0 0 0
car 0 0 0 56.5095490657 460.314926154 107.962540519 486.981592821 0 0 0 0 0 0 0
car 0 0 0 387.647526584 457.133615595 464.719279102 511.65900469 0 0 0 0 0 0 0
car 0 0 0 452.635669848 452.096367137 520.550838038 501.790392642 0 0 0 0 0 0 0
car 0 0 0 487.58325025 453.320198672 613.474781528 551.327860084 0 0 0 0 0 0 0
car 0 0 0 135.762804239 462.244857173 193.463089408 487.644025764 0 0 0 0 0 0 0
car 0 0 0 603.47161891 445.156741565 704.449878735 518.306347108 0 0 0 0 0 0 0
