pedestrian 0 0 0 777.724718028 452.90398924 793.970871874 489.827066164 0 0 0 0 0 0 0
cyclist 0 0 0 625.44774038 460.090662928 638.439193371 488.637671475 0 0 0 0 0 0 0
car 0 0 0 751.240594164 458.038695116 784.914440318 487.813464347 0 0 0 0 0 0 0
car 0 0 0 733.163055703 453.430695116 771.799363395 488.167925885 0 0 0 0 0 0 0
car 0 0 0 716.148901856 460.874387423 762.937824933 493.484848962 0 0 0 0 0 0 0
car 0 0 0 514.167721853 487.423498998 1039.28774929 897.132531392 0 0 0 0 0 0 0
cyclist 0 0 0 464.007995225 463.357623216 486.407995225 506.926853985 0 0 0 0 0 0 0
car 0 0 0 1083.79512733 461.80920352 1233.21114769 575.159287935 0 0 0 0 0 0 0
car 0 0 0 1252.52374169 441.74429369 1663.33192642 739.022127931 0 0 0 0 0 0 0
pedestrian 0 0 0 1232.66390818 446.116761763 1243.70702496 475.565073173 0 0 0 0 0 0 0
car 0 0 0 786.68674801 458.747618193 829.576594164 490.649156654 0 0 0 0 0 0 0
motorcyclist 0 0 0 575.70225987 465.249424242 629.363798331 509.803270396 0 0 0 0 0 0 0
pedestrian 0 0 0 1180.43916841 443.586047502 1189.18163586 470.50364465 0 0 0 0 0 0 0
cyclist 0 0 0 441.068318478 462.703376041 460.384557794 506.976880314 0 0 0 0 0 0 0
car 0 0 0 1075.21065007 442.70814529 1193.81372427 540.439728782 0 0 0 0 0 0 0
cyclist 0 0 0 267.330147689 467.777781758 311.234205716 513.023885227 0 0 0 0 0 0 0
car 0 0 0 852.524355067 431.866220794 1056.22488783 617.454305388 0 0 0 0 0 0 0
cyclist 0 0 0 707.17560004 464.647988344 716.406369271 487.212090909 0 0 0 0 0 0 0
ignore 0 0 0 791.767436953 452.751925715 1017.64324153 622.570961275 0 0 0 0 0 0 0
cyclist 0 0 0 415.08821813 463.949764548 441.867776319 505.637530387 0 0 0 0 0 0 0
cyclist 0 0 0 344.593620985 461.834437658 367.024951942 511.106677453 0 0 0 0 0 0 0
bus 0 0 0 1436.21983926 303.015033473 1918.97435897 642.051282051 0 0 0 0 0 0 0
pedestrian 0 0 0 1188.95157093 434.843580052 1198.84436305 461.991242133 0 0 0 0 0 0 0
trafficcone 0 0 0 456.117396934 485.682409541 465.177225994 504.485828344 0 0 0 0 0 0 0
car 0 0 0 1239.1057263 440.595203374 1266.48345332 460.15072267 0 0 0 0 0 0 0
car 0 0 0 1182.8333324 449.78722487 1379.76479219 622.102252188 0 0 0 0 0 0 0
bus 0 0 0 1272.80481693 363.365641084 1549.93352327 572.8915547 0 0 0 0 0 0 0
motorcyclist 0 0 0 663.368420553 460.408672105 675.847053032 486.904398601 0 0 0 0 0 0 0
car 0 0 0 1040.3315926 447.395738102 1119.56595549 522.469054587 0 0 0 0 0 0 0
car 0 0 0 1534.99533227 416.317531919 1918.97435897 1007.41810582 0 0 0 0 0 0 0
cyclist 0 0 0 665.30225987 457.126347319 706.871084575 501.926347319 0 0 0 0 0 0 0
