car 0 0 0 169.906035502 442.702055342 311.434620139 504.720199171 0 0 0 0 0 0 0
car 0 0 0 666.837150368 448.504451447 685.982449513 464.572827516 0 0 0 0 0 0 0
pedestrian 0 0 0 371.723034387 439.305103716 396.57004714 492.643357757 0 0 0 0 0 0 0
car 0 0 0 1.02564102564 441.025641026 122.051282051 510.769230769 0 0 0 0 0 0 0
car 0 0 0 87.5785584528 437.458976175 186.915086696 495.10404576 0 0 0 0 0 0 0
car 0 0 0 201.84763399 440.325225741 429.075222078 512.361685113 0 0 0 0 0 0 0
car 0 0 0 1808.44513096 422.10084629 1916.92307692 493.660243017 0 0 0 0 0 0 0
car 0 0 0 814.894342069 439.604646603 873.330835023 486.077763047 0 0 0 0 0 0 0
car 0 0 0 590.853642474 452.109140693 631.674155294 486.77580736 0 0 0 0 0 0 0
pedestrian 0 0 0 654.537663188 448.702742046 658.640227291 459.642912986 0 0 0 0 0 0 0
car 0 0 0 379.421484555 441.266088504 506.517213786 497.923220812 0 0 0 0 0 0 0
car 0 0 0 395.244647632 439.734814658 574.914112247 499.454494658 0 0 0 0 0 0 0
car 0 0 0 657.093560624 449.359152302 668.888432419 459.615562558 0 0 0 0 0 0 0
car 0 0 0 616.28953991 451.904012488 642.340821961 473.032217616 0 0 0 0 0 0 0
car 0 0 0 1063.12315749 431.45498594 1251.29786741 498.376273619 0 0 0 0 0 0 0
ignore 0 0 0 798.596934946 437.540407084 814.893201026 446.167842067 0 0 0 0 0 0 0
car 0 0 0 731.94826493 444.983257981 791.573426705 487.545270566 0 0 0 0 0 0 0
car 0 0 0 1016.17204906 447.332993774 1039.17854235 463.629259854 0 0 0 0 0 0 0
cyclist 0 0 0 665.76125415 445.955392034 715.225214722 492.658573411 0 0 0 0 0 0 0
car 0 0 0 565.768388401 447.284059462 613.698582753 489.079188937 0 0 0 0 0 0 0
car 0 0 0 998.72545832 445.607506777 1016.7472114 462.478935189 0 0 0 0 0 0 0
car 0 0 0 694.700398231 445.769408712 712.990996521 461.495904439 0 0 0 0 0 0 0
truck 0 0 0 1044.31665919 432.800558846 1090.97382758 475.040480525 0 0 0 0 0 0 0
tricyclelist 0 0 0 1297.11210451 449.515394253 1325.2720523 479.883965394 0 0 0 0 0 0 0
tricyclelist 0 0 0 1417.19386961 441.58930698 1458.83562246 483.231059833 0 0 0 0 0 0 0
truck 0 0 0 712.004305662 426.399872739 734.090539219 461.369742538 0 0 0 0 0 0 0
car 0 0 0 1686.91594322 423.842488784 1876.94589675 508.918660448 0 0 0 0 0 0 0
car 0 0 0 1495.95550004 416.420009962 1730.90885263 508.652121299 0 0 0 0 0 0 0
