bus 0 0 0 1115.96311494 415.266004941 1159.21097819 466.889936565 0 0 0 0 0 0 0
car 0 0 0 994.907444909 440.446212199 1023.62539363 467.796639549 0 0 0 0 0 0 0
bus 0 0 0 1473.09808542 172.991452991 1920.0 708.51745046 0 0 0 0 0 0 0
ignore 0 0 0 1106.65014665 437.528757668 1118.1031381 456.332176472 0 0 0 0 0 0 0
truck 0 0 0 1078.68275417 431.19173927 1109.00100944 461.619089697 0 0 0 0 0 0 0
ignore 0 0 0 1037.26646496 434.344497925 1049.72831549 453.516575666 0 0 0 0 0 0 0
car 0 0 0 1136.31871718 459.179504766 1334.09914466 600.082561243 0 0 0 0 0 0 0
car 0 0 0 1017.98436799 440.788092541 1045.16385517 461.984673737 0 0 0 0 0 0 0
car 0 0 0 928.462870579 449.129684922 997.534733827 508.736112273 0 0 0 0 0 0 0
car 0 0 0 987.33821414 443.639374592 1018.27838508 474.066725019 0 0 0 0 0 0 0
bus 0 0 0 1145.07557239 359.414884301 1408.50487926 523.80399996 0 0 0 0 0 0 0
van 0 0 0 917.250289383 435.067736204 952.976785109 467.03354817 0 0 0 0 0 0 0
bus 0 0 0 1045.86210295 409.870098581 1091.16124825 470.382919093 0 0 0 0 0 0 0
car 0 0 0 808.857259375 448.320758113 867.752356811 503.910501703 0 0 0 0 0 0 0
car 0 0 0 960.842487644 441.075272028 1007.68009448 485.690656643 0 0 0 0 0 0 0
car 0 0 0 818.968031091 449.521876775 959.215614182 557.192265368 0 0 0 0 0 0 0
