ignore 0 0 0 1867.0402892 447.179487179 1920.0 916.923076923 0 0 0 0 0 0 0
ignore 0 0 0 1486.057364 559.362219109 1524.9852032 686.952630417 0 0 0 0 0 0 0
van 0 0 0 1178.07876377 484.613306953 1269.30674264 573.988603989 0 0 0 0 0 0 0
car 0 0 0 1226.27958929 503.950617284 1344.09306743 590.607787274 0 0 0 0 0 0 0
car 0 0 0 1252.68755935 505.137701804 1418.35219751 616.723646724 0 0 0 0 0 0 0
pedestrian 0 0 0 1139.04161977 496.829942082 1153.35349911 525.453700773 0 0 0 0 0 0 0
pedestrian 0 0 0 1166.9323606 491.395272053 1180.43647015 524.044448308 0 0 0 0 0 0 0
pedestrian 0 0 0 1073.88229306 492.093323065 1083.62576451 514.828089777 0 0 0 0 0 0 0
ignore 0 0 0 995.173307699 481.701971128 1051.17755083 505.84608825 0 0 0 0 0 0 0
pedestrian 0 0 0 444.271194159 491.721204837 459.510510293 542.739784937 0 0 0 0 0 0 0
car 0 0 0 1500.51282051 481.147893703 1912.82051282 802.741055945 0 0 0 0 0 0 0
