car 0 0 0 1251.81228237 433.603988604 1696.96897752 758.073757518 0 0 0 0 0 0 0
pedestrian 0 0 0 53.5660529896 470.094046934 66.6852757228 508.259058521 0 0 0 0 0 0 0
cyclist 0 0 0 541.473082985 458.390852003 550.307576408 479.372773883 0 0 0 0 0 0 0
bus 0 0 0 335.55134401 433.600885483 449.019368912 484.675300585 0 0 0 0 0 0 0
car 0 0 0 687.601933135 454.396119848 700.830666776 465.707645715 0 0 0 0 0 0 0
ignore 0 0 0 564.768544255 454.830791714 589.952829626 473.387633566 0 0 0 0 0 0 0
car 0 0 0 779.935079789 453.026535084 809.353942887 480.060084959 0 0 0 0 0 0 0
car 0 0 0 1017.1483148 454.227083339 1106.53012891 526.780360575 0 0 0 0 0 0 0
bus 0 0 0 1111.78524322 369.380605677 1330.92873976 521.887991981 0 0 0 0 0 0 0
car 0 0 0 212.984486808 456.974824201 293.290032024 520.185624643 0 0 0 0 0 0 0
bus 0 0 0 962.050116712 404.201764331 1080.35794215 493.651010239 0 0 0 0 0 0 0
truck 0 0 0 780.962373817 360.307103162 1034.20707151 641.250439661 0 0 0 0 0 0 0
car 0 0 0 147.785925346 462.540555057 257.51033366 535.292608396 0 0 0 0 0 0 0
car 0 0 0 1102.1676603 457.999762583 1251.24019556 564.480144912 0 0 0 0 0 0 0
bus 0 0 0 52.7709485815 408.473455308 248.764185172 525.353803295 0 0 0 0 0 0 0
bus 0 0 0 1506.66666667 198.974358974 1920.0 701.538461538 0 0 0 0 0 0 0
pedestrian 0 0 0 48.3978743371 497.127596808 66.2877235187 522.570937867 0 0 0 0 0 0 0
