truck 0 0 0 1638.89759235 269.080977751 1919.41818666 601.93778057 0 0 0 0 0 0 0
ignore 0 0 0 1176.65464479 378.35220354 1270.5405733 503.724266605 0 0 0 0 0 0 0
truck 0 0 0 1267.45799355 370.790070036 1502.22814584 512.055269294 0 0 0 0 0 0 0
pedestrian 0 0 0 1205.1351472 428.782066814 1240.18620388 515.891431604 0 0 0 0 0 0 0
ignore 0 0 0 954.272878571 429.564926381 997.066120996 446.231880474 0 0 0 0 0 0 0
car 0 0 0 938.706966539 435.19361314 956.659946786 449.897958866 0 0 0 0 0 0 0
motorcyclist 0 0 0 523.540357462 448.824677836 539.33898008 480.216746154 0 0 0 0 0 0 0
ignore 0 0 0 428.460930235 445.478122692 438.506392097 455.472974247 0 0 0 0 0 0 0
truck 0 0 0 1473.5920012 312.1368157 1744.43811333 559.504819545 0 0 0 0 0 0 0
motorcyclist 0 0 0 1040.38151722 438.55283676 1080.73297758 513.231763203 0 0 0 0 0 0 0
truck 0 0 0 521.488588291 423.998270866 577.296709745 477.754623148 0 0 0 0 0 0 0
tricyclelist 0 0 0 997.996256353 435.30988006 1011.33275597 455.143648714 0 0 0 0 0 0 0
car 0 0 0 165.50534867 449.074522352 277.409032493 522.712783671 0 0 0 0 0 0 0
motorcyclist 0 0 0 982.949949099 439.926360695 993.892718011 467.283282976 0 0 0 0 0 0 0
motorcyclist 0 0 0 945.163200198 441.601972185 966.467403424 490.434078457 0 0 0 0 0 0 0
motorcyclist 0 0 0 969.271487958 440.439302988 987.053487441 480.790763352 0 0 0 0 0 0 0
pedestrian 0 0 0 107.349531794 448.200067999 120.604418831 485.313751704 0 0 0 0 0 0 0
ignore 0 0 0 1008.35588041 414.936570972 1026.64328179 454.691791376 0 0 0 0 0 0 0
ignore 0 0 0 357.923064751 444.377987862 388.932136666 454.873366049 0 0 0 0 0 0 0
ignore 0 0 0 227.093405029 437.775440858 298.175739111 459.243259876 0 0 0 0 0 0 0
truck 0 0 0 1014.93071453 357.7378844 1176.46843256 505.335592907 0 0 0 0 0 0 0
