ignore 0 0 0 947.547429362 420.213876126 1004.14340285 434.846005858 0 0 0 0 0 0 0
motorcyclist 0 0 0 1040.02212227 424.861087907 1050.51750046 437.741779318 0 0 0 0 0 0 0
pedestrian 0 0 0 1585.61849762 418.076976731 1592.71216639 439.741424578 0 0 0 0 0 0 0
ignore 0 0 0 841.062838071 429.786958834 920.573278878 440.057057439 0 0 0 0 0 0 0
pedestrian 0 0 0 1787.8150285 415.293105152 1797.7538336 444.833442535 0 0 0 0 0 0 0
van 0 0 0 721.388493194 413.239245894 842.982220112 531.398121769 0 0 0 0 0 0 0
van 0 0 0 688.813917879 429.750872957 747.618514726 475.02765175 0 0 0 0 0 0 0
car 0 0 0 811.161760051 445.993985438 1003.07375752 591.41183919 0 0 0 0 0 0 0
ignore 0 0 0 640.224204053 437.627664849 681.854934397 453.217496111 0 0 0 0 0 0 0
pedestrian 0 0 0 1415.35677345 446.370879977 1438.43655772 493.282040053 0 0 0 0 0 0 0
car 0 0 0 1491.1891128 411.613685883 1553.14099793 433.147763601 0 0 0 0 0 0 0
van 0 0 0 462.310341265 425.11720872 585.869566279 515.75911124 0 0 0 0 0 0 0
van 0 0 0 1085.74967319 410.143146272 1207.68688521 524.638181035 0 0 0 0 0 0 0
pedestrian 0 0 0 256.253632088 450.77401941 275.813200526 504.682098277 0 0 0 0 0 0 0
car 0 0 0 922.351132335 427.774284543 1012.51597221 518.893249708 0 0 0 0 0 0 0
bus 0 0 0 840.731544567 420.51074074 864.915970313 445.357753492 0 0 0 0 0 0 0
pedestrian 0 0 0 182.213509608 452.777682518 200.53271517 510.025199899 0 0 0 0 0 0 0
bus 0 0 0 881.480645481 420.179447237 895.726266126 439.725763935 0 0 0 0 0 0 0
pedestrian 0 0 0 306.822272441 443.618079737 322.088277076 489.893156287 0 0 0 0 0 0 0
pedestrian 0 0 0 1820.63978726 435.192380969 1839.531468 494.729799046 0 0 0 0 0 0 0
pedestrian 0 0 0 1703.93335396 418.191923306 1712.90588635 440.968351662 0 0 0 0 0 0 0
