van 0 0 0 682.871922414 439.934984325 730.180634695 486.846144402 0 0 0 0 0 0 0
car 0 0 0 1721.01016496 447.624511976 1857.8317315 521.473809398 0 0 0 0 0 0 0
car 0 0 0 559.664287735 453.88353276 614.526491892 501.589797245 0 0 0 0 0 0 0
car 0 0 0 593.058672874 457.063950393 670.183800457 504.372662673 0 0 0 0 0 0 0
car 0 0 0 481.085709294 450.569537587 582.461521323 520.936277702 0 0 0 0 0 0 0
car 0 0 0 635.960762338 458.619937915 680.089056986 492.014323054 0 0 0 0 0 0 0
bus 0 0 0 286.566629149 418.128180214 420.525819821 496.557279026 0 0 0 0 0 0 0
bus 0 0 0 3.07692307692 383.89416482 224.006542155 550.415743379 0 0 0 0 0 0 0
van 0 0 0 698.230452675 424.572649573 831.777461222 570.979740424 0 0 0 0 0 0 0
van 0 0 0 894.7788008 441.510182577 938.11199104 484.843372817 0 0 0 0 0 0 0
car 0 0 0 1029.10849953 450.857657574 1093.51195658 496.655671479 0 0 0 0 0 0 0
car 0 0 0 732.307692308 475.270655271 1018.63247863 700.341880342 0 0 0 0 0 0 0
pedestrian 0 0 0 1369.40855441 431.491627769 1375.73334074 450.807867085 0 0 0 0 0 0 0
pedestrian 0 0 0 1397.52145076 425.99180668 1404.97555459 453.323520707 0 0 0 0 0 0 0
car 0 0 0 1427.63161297 450.094513361 1482.29504102 492.058357121 0 0 0 0 0 0 0
pedestrian 0 0 0 1451.61726261 444.919708839 1473.97957409 496.822357699 0 0 0 0 0 0 0
car 0 0 0 1543.28283909 446.032802003 1638.69536806 502.087662772 0 0 0 0 0 0 0
bus 0 0 0 453.729379902 418.700655388 556.202436015 485.680250724 0 0 0 0 0 0 0
ignore 0 0 0 1079.53198503 438.51749793 1096.32672513 455.542302964 0 0 0 0 0 0 0
car 0 0 0 434.174549217 461.7009993 496.987797455 510.202368193 0 0 0 0 0 0 0
car 0 0 0 1009.1911341 444.602836231 1040.66401692 473.756664527 0 0 0 0 0 0 0
van 0 0 0 295.190298686 447.389119955 383.446887982 520.379704616 0 0 0 0 0 0 0
car 0 0 0 923.931623932 440.10657381 1039.41305265 550.571383349 0 0 0 0 0 0 0
bus 0 0 0 391.90206113 423.852931952 491.512741374 487.970151419 0 0 0 0 0 0 0
pedestrian 0 0 0 1189.86162834 448.951925094 1198.47701296 470.285258427 0 0 0 0 0 0 0
bus 0 0 0 590.910808103 430.123316139 647.363221076 472.263849767 0 0 0 0 0 0 0
pedestrian 0 0 0 1390.06734693 429.856897552 1397.79752868 450.838819432 0 0 0 0 0 0 0
bus 0 0 0 143.447835696 404.961251216 309.465636101 509.15173285 0 0 0 0 0 0 0
bus 0 0 0 525.288776629 427.287782995 613.449953396 475.375697595 0 0 0 0 0 0 0
car 0 0 0 1398.88637999 447.680488033 1446.09570422 486.883552598 0 0 0 0 0 0 0
car 0 0 0 294.727234357 462.222222222 497.520839928 629.568165031 0 0 0 0 0 0 0
car 0 0 0 1466.55526371 446.827906411 1532.94648178 495.329275304 0 0 0 0 0 0 0
