ignore 0 0 0 891.483836284 440.340355292 917.814873979 453.163912612 0 0 0 0 0 0 0
motorcyclist 0 0 0 1360.36386095 438.798980378 1383.7540295 495.107266258 0 0 0 0 0 0 0
tricyclelist 0 0 0 1453.38586315 456.16734045 1502.8581214 509.684319663 0 0 0 0 0 0 0
car 0 0 0 1100.43962168 437.882298683 1139.0812744 469.000797778 0 0 0 0 0 0 0
car 0 0 0 212.898340465 464.950995643 291.201329535 514.580563469 0 0 0 0 0 0 0
ignore 0 0 0 751.823098027 444.897277776 823.400069875 456.604405994 0 0 0 0 0 0 0
bus 0 0 0 935.856345391 403.753578375 1009.18575486 486.827523559 0 0 0 0 0 0 0
bus 0 0 0 968.861195759 376.895855582 1118.97239482 516.494968163 0 0 0 0 0 0 0
car 0 0 0 504.984269314 434.320460061 579.127702994 506.457620268 0 0 0 0 0 0 0
car 0 0 0 824.540488494 444.136936912 837.535026577 453.369898182 0 0 0 0 0 0 0
car 0 0 0 380.46315232 449.668671124 504.486000223 542.063732524 0 0 0 0 0 0 0
car 0 0 0 791.090144434 446.077928056 815.882355252 468.30542741 0 0 0 0 0 0 0
car 0 0 0 921.974065988 445.447588674 943.004699991 463.400568921 0 0 0 0 0 0 0
car 0 0 0 847.420698626 450.478373833 944.491296596 523.498560348 0 0 0 0 0 0 0
car 0 0 0 781.515221636 446.077928056 810.069009267 473.263869573 0 0 0 0 0 0 0
car 0 0 0 839.95241992 439.943543117 894.39269526 493.973464622 0 0 0 0 0 0 0
pedestrian 0 0 0 1564.88100456 424.534388786 1586.16706447 487.050204385 0 0 0 0 0 0 0
car 0 0 0 686.155870519 446.449718014 787.574437649 532.230904227 0 0 0 0 0 0 0
ignore 0 0 0 1131.22792272 431.990438331 1144.39344157 449.259495521 0 0 0 0 0 0 0
