tricyclelist 0 0 0 965.885972596 434.370831817 975.287681997 443.94348139 0 0 0 0 0 0 0
car 0 0 0 1.02564102564 611.282051282 215.712185984 986.666666667 0 0 0 0 0 0 0
car 0 0 0 882.271613621 438.172541219 929.828536698 484.547925834 0 0 0 0 0 0 0
car 0 0 0 883.748536698 451.169464295 1012.24084439 553.963310449 0 0 0 0 0 0 0
ignore 0 0 0 842.547917703 431.599784104 852.80432796 439.97585248 0 0 0 0 0 0 0
ignore 0 0 0 920.852126442 433.59407968 947.347852937 441.286387372 0 0 0 0 0 0 0
pedestrian 0 0 0 364.560030789 446.234051359 372.936099165 468.798153923 0 0 0 0 0 0 0
ignore 0 0 0 503.014970185 436.850502156 529.066252237 448.542809848 0 0 0 0 0 0 0
truck 0 0 0 383.21931284 435.852923154 442.706492327 458.929846231 0 0 0 0 0 0 0
pedestrian 0 0 0 392.08139831 446.917812043 400.286526515 465.379350504 0 0 0 0 0 0 0
van 0 0 0 820.333900609 430.641151625 831.786892062 441.581322566 0 0 0 0 0 0 0
car 0 0 0 845.468943344 442.340296925 881.899712575 473.847989232 0 0 0 0 0 0 0
