pedestrian 0 0 0 1782.472808 377.211316818 1840.6631472 571.815074134 0 0 0 0 0 0 0
ignore 0 0 0 937.07208436 426.970041933 945.277212565 439.277734241 0 0 0 0 0 0 0
pedestrian 0 0 0 1729.04802465 396.351441957 1783.3081311 558.444924522 0 0 0 0 0 0 0
ignore 0 0 0 959.047479836 427.756733764 967.763735421 436.302082377 0 0 0 0 0 0 0
ignore 0 0 0 898.336460171 427.306701583 921.345588634 436.846101452 0 0 0 0 0 0 0
cyclist 0 0 0 970.552378125 425.85603838 979.164336339 447.717163078 0 0 0 0 0 0 0
cyclist 0 0 0 1000.36300271 428.174642514 1011.62479422 457.654037941 0 0 0 0 0 0 0
car 0 0 0 128.171955406 456.362488378 226.059372248 521.230407484 0 0 0 0 0 0 0
truck 0 0 0 922.855378782 423.206205083 938.754378563 441.092579836 0 0 0 0 0 0 0
pedestrian 0 0 0 1015.02849398 430.740443897 1021.37705292 448.405999209 0 0 0 0 0 0 0
car 0 0 0 1002.6074004 429.912370992 1020.82500432 446.473829097 0 0 0 0 0 0 0
cyclist 0 0 0 954.322149182 428.505871676 960.2842741 444.404871457 0 0 0 0 0 0 0
car 0 0 0 978.170648853 430.493246649 998.340357969 446.723475592 0 0 0 0 0 0 0
pedestrian 0 0 0 1031.16731479 426.518496704 1038.78558552 448.04839224 0 0 0 0 0 0 0
car 0 0 0 943.391586833 429.499559163 955.978294992 441.092579836 0 0 0 0 0 0 0
pedestrian 0 0 0 1831.47473315 379.789409655 1880.50617164 506.674821443 0 0 0 0 0 0 0
pedestrian 0 0 0 30.3931067542 450.638848457 48.9949364976 502.151607747 0 0 0 0 0 0 0
