truck 0 0 0 1155.95647831 419.978973127 1220.60472445 456.329232524 0 0 0 0 0 0 0
ignore 0 0 0 942.813391565 442.708338268 960.659545412 454.605774166 0 0 0 0 0 0 0
truck 0 0 0 917.22783843 426.295635207 943.279120482 463.218712131 0 0 0 0 0 0 0
car 0 0 0 996.17887366 450.350039481 1019.18536695 471.055883442 0 0 0 0 0 0 0
bus 0 0 0 1030.92744774 387.425432454 1133.62843379 495.758408054 0 0 0 0 0 0 0
ignore 0 0 0 903.750143702 442.209727349 914.351144918 450.298081858 0 0 0 0 0 0 0
car 0 0 0 826.877696587 452.322135169 910.459071964 514.721929115 0 0 0 0 0 0 0
tricyclelist 0 0 0 330.047703211 444.467394745 514.155719109 558.504449369 0 0 0 0 0 0 0
bus 0 0 0 1001.94886644 404.321401126 1062.73162407 480.518906899 0 0 0 0 0 0 0
car 0 0 0 888.365528317 443.28953485 903.237323189 454.913466473 0 0 0 0 0 0 0
motorcyclist 0 0 0 1040.90600806 447.628087885 1067.62151618 503.921479977 0 0 0 0 0 0 0
