pedestrian 0 0 0 36.2393162393 441.88034188 50.2564102564 462.905982906 0 0 0 0 0 0 0
car 0 0 0 710.769230769 477.948717949 1131.28205128 814.358974359 0 0 0 0 0 0 0
pedestrian 0 0 0 1102.9607525 408.300213733 1111.47315502 442.579888733 0 0 0 0 0 0 0
pedestrian 0 0 0 1072.4177748 416.157480424 1081.62037212 438.93390878 0 0 0 0 0 0 0
pedestrian 0 0 0 1080.93017732 417.767934954 1088.75238504 439.394038646 0 0 0 0 0 0 0
pedestrian 0 0 0 21.0256410256 442.051282051 41.0256410256 465.641025641 0 0 0 0 0 0 0
pedestrian 0 0 0 974.524917051 431.650804406 1015.17065439 582.211775119 0 0 0 0 0 0 0
pedestrian 0 0 0 1343.6119025 431.053075868 1387.30320777 558.829534663 0 0 0 0 0 0 0
bus 0 0 0 844.718170014 421.014070615 872.769453531 450.21030448 0 0 0 0 0 0 0
car 0 0 0 470.700335901 442.713015722 588.172241567 518.279738666 0 0 0 0 0 0 0
car 0 0 0 1122.54883002 410.931518225 1152.0891674 437.711076414 0 0 0 0 0 0 0
car 0 0 0 1141.04605062 408.72289487 1180.52519311 440.747933528 0 0 0 0 0 0 0
car 0 0 0 755.962857444 456.591748444 1013.16450353 657.736625514 0 0 0 0 0 0 0
car 0 0 0 263.58974359 445.128205128 572.057085576 670.769230769 0 0 0 0 0 0 0
pedestrian 0 0 0 1315.25296658 416.993827696 1329.49858723 462.712331161 0 0 0 0 0 0 0
pedestrian 0 0 0 760.415703585 436.608609033 773.66744372 486.633928041 0 0 0 0 0 0 0
pedestrian 0 0 0 1524.97203756 406.322148359 1585.15062784 530.801150153 0 0 0 0 0 0 0
pedestrian 0 0 0 827.673585464 430.427997435 860.877145545 539.770755633 0 0 0 0 0 0 0
truck 0 0 0 887.22697056 341.500474834 1071.22507123 537.369420703 0 0 0 0 0 0 0
ignore 0 0 0 770.47681734 433.260078353 798.659771619 451.090110652 0 0 0 0 0 0 0
ignore 0 0 0 1087.48693424 413.968375339 1126.41392089 437.711076414 0 0 0 0 0 0 0
pedestrian 0 0 0 747.485318149 440.933829772 761.519279055 486.486686484 0 0 0 0 0 0 0
car 0 0 0 1133.31586888 411.483674064 1163.4083621 441.300089367 0 0 0 0 0 0 0
pedestrian 0 0 0 995.706498482 426.498527841 1028.33758339 536.986236387 0 0 0 0 0 0 0
car 0 0 0 1152.86218558 411.152380561 1195.26775401 442.956556884 0 0 0 0 0 0 0
pedestrian 0 0 0 740.4828778 439.921544067 752.630306256 486.302634538 0 0 0 0 0 0 0
car 0 0 0 572.057085576 445.21552179 816.068903661 595.249815342 0 0 0 0 0 0 0
