ignore 0 0 0 458.399648857 459.080589808 490.20382518 468.621842705 0 0 0 0 0 0 0
car 0 0 0 1107.19886829 450.804308384 1258.5708455 559.002116235 0 0 0 0 0 0 0
car 0 0 0 531.5492544 457.887933196 565.738743947 479.355752214 0 0 0 0 0 0 0
car 0 0 0 498.552421465 458.683037604 538.307641869 485.716587479 0 0 0 0 0 0 0
van 0 0 0 1183.14802232 434.846368555 1272.83579955 480.167319815 0 0 0 0 0 0 0
car 0 0 0 184.216524217 469.449192783 669.833016777 791.149097816 0 0 0 0 0 0 0
ignore 0 0 0 1014.94260345 436.754619135 1039.27279833 503.066326768 0 0 0 0 0 0 0
truck 0 0 0 1036.77085213 377.048055847 1142.68317653 514.040128111 0 0 0 0 0 0 0
car 0 0 0 1071.87502979 442.858564999 1165.76095829 532.737167288 0 0 0 0 0 0 0
car 0 0 0 862.176592745 454.613086166 1045.59763843 605.746532052 0 0 0 0 0 0 0
car 0 0 0 554.20973003 452.32220234 592.896330109 483.728826459 0 0 0 0 0 0 0
truck 0 0 0 820.309575034 435.301590302 887.575407956 491.594982394 0 0 0 0 0 0 0
cyclist 0 0 0 1263.29454665 440.094057648 1306.70724733 485.415008909 0 0 0 0 0 0 0
car 0 0 0 783.861988967 451.865205331 864.924473579 515.753434729 0 0 0 0 0 0 0
ignore 0 0 0 909.043226974 434.824527658 993.960377757 457.72353461 0 0 0 0 0 0 0
car 0 0 0 754.247466576 446.577061326 845.843494386 528.631836239 0 0 0 0 0 0 0
car 0 0 0 814.107760651 451.044657582 879.465342994 506.860987029 0 0 0 0 0 0 0
car 0 0 0 558.741690408 428.598992753 782.919151972 609.887886462 0 0 0 0 0 0 0
