car 0 0 0 149.058449201 450.060566108 327.585496086 561.536496466 0 0 0 0 0 0 0
tricyclelist 0 0 0 1299.09996534 421.166281231 1358.04283773 454.784658234 0 0 0 0 0 0 0
car 0 0 0 372.116576972 444.657277573 422.517004094 471.309706831 0 0 0 0 0 0 0
pedestrian 0 0 0 429.764004628 442.944688145 440.869183486 479.677202827 0 0 0 0 0 0 0
truck 0 0 0 497.353745152 437.467408913 527.286473395 471.500510889 0 0 0 0 0 0 0
pedestrian 0 0 0 1785.2180506 418.886343879 1833.28029093 548.196657138 0 0 0 0 0 0 0
car 0 0 0 1370.10266573 421.077274062 1418.58212527 463.233325834 0 0 0 0 0 0 0
car 0 0 0 608.262008731 437.468690889 650.823888069 468.467516303 0 0 0 0 0 0 0
bus 0 0 0 712.554128381 413.444460342 753.21616789 451.885464079 0 0 0 0 0 0 0
truck 0 0 0 752.550868584 412.608202787 784.670462818 448.657321848 0 0 0 0 0 0 0
pedestrian 0 0 0 482.079853 433.3328654 496.772858873 476.386789586 0 0 0 0 0 0 0
car 0 0 0 671.046237642 435.822658727 705.899414363 464.320256164 0 0 0 0 0 0 0
car 0 0 0 825.592192663 436.919318644 837.893313859 449.562137651 0 0 0 0 0 0 0
car 0 0 0 770.096367783 427.347679562 810.929256198 461.859158473 0 0 0 0 0 0 0
car 0 0 0 876.380771004 415.147486606 987.336884191 523.643375554 0 0 0 0 0 0 0
car 0 0 0 797.402123256 427.693477747 828.154926246 456.737791682 0 0 0 0 0 0 0
bus 0 0 0 988.317194982 370.651173493 1099.55869418 484.372578725 0 0 0 0 0 0 0
van 0 0 0 836.618097628 426.277482018 859.170153154 447.633595206 0 0 0 0 0 0 0
car 0 0 0 336.750853534 442.094543991 383.22175583 471.480555737 0 0 0 0 0 0 0
car 0 0 0 897.73062057 425.774128012 1090.45474657 595.116282844 0 0 0 0 0 0 0
car 0 0 0 794.8352893 432.589323983 816.533100298 458.387508714 0 0 0 0 0 0 0
bus 0 0 0 1048.18236846 320.294606995 1294.69207331 534.272118579 0 0 0 0 0 0 0
