car 0 0 0 1019.00259253 427.016073759 1070.04829553 453.731581871 0 0 0 0 0 0 0
pedestrian 0 0 0 452.111274227 431.766002627 466.356894871 459.925950413 0 0 0 0 0 0 0
bus 0 0 0 437.561999519 405.924497028 598.999998534 460.882113714 0 0 0 0 0 0 0
bus 0 0 0 675.944222606 413.394224032 718.018497533 451.161683415 0 0 0 0 0 0 0
bus 0 0 0 737.896107735 414.719398045 772.681925588 448.511335388 0 0 0 0 0 0 0
ignore 0 0 0 365.53614154 437.78344721 384.585517983 451.587343184 0 0 0 0 0 0 0
pedestrian 0 0 0 1840.31497309 372.913896803 1888.78759101 601.427666983 0 0 0 0 0 0 0
car 0 0 0 543.084396295 426.597727832 754.671220536 596.966339559 0 0 0 0 0 0 0
bus 0 0 0 845.472414655 347.067890854 994.544949916 508.505889869 0 0 0 0 0 0 0
bus 0 0 0 1051.80595125 297.750870529 1375.28648306 566.823361823 0 0 0 0 0 0 0
car 0 0 0 785.271078716 427.308551173 826.020179629 452.818150932 0 0 0 0 0 0 0
car 0 0 0 808.792917455 429.627605697 854.511420919 465.076010557 0 0 0 0 0 0 0
pedestrian 0 0 0 1498.33560573 410.414455539 1565.91948042 542.004235075 0 0 0 0 0 0 0
