car 0 0 0 1811.58594492 652.735042735 1920.0 965.299145299 0 0 0 0 0 0 0
tricyclelist 0 0 0 1306.87287686 447.019309266 1373.2003316 510.483708401 0 0 0 0 0 0 0
bus 0 0 0 572.611256557 440.86766636 632.208925245 496.173404895 0 0 0 0 0 0 0
bus 0 0 0 502.835969996 432.537609435 584.492194852 498.775195099 0 0 0 0 0 0 0
ignore 0 0 0 1377.11061758 454.512960916 1402.74549201 506.716689491 0 0 0 0 0 0 0
car 0 0 0 1262.4557676 458.999096157 1301.58419414 492.878587424 0 0 0 0 0 0 0
bus 0 0 0 96.0530650799 397.258400211 347.624099794 637.271288382 0 0 0 0 0 0 0
car 0 0 0 79.1694210384 423.618717245 553.923746673 776.829128099 0 0 0 0 0 0 0
bus 0 0 0 465.114523599 437.602156456 529.94988922 509.509104608 0 0 0 0 0 0 0
pedestrian 0 0 0 1550.67003134 453.272984957 1563.07660561 487.152476224 0 0 0 0 0 0 0
pedestrian 0 0 0 694.197287465 460.590107538 700.863873193 487.598326639 0 0 0 0 0 0 0
car 0 0 0 596.135489797 467.280038091 644.648376354 499.887060203 0 0 0 0 0 0 0
car 0 0 0 868.147682577 466.609019791 986.247128189 572.039864301 0 0 0 0 0 0 0
pedestrian 0 0 0 1544.17449684 455.900984851 1558.19142068 496.369006348 0 0 0 0 0 0 0
motorcyclist 0 0 0 1631.90974886 450.886548409 1679.91237673 520.822606969 0 0 0 0 0 0 0
bus 0 0 0 617.518763853 443.159439493 664.35637069 490.851747185 0 0 0 0 0 0 0
car 0 0 0 1387.88542165 458.294137715 1479.50935327 512.977253275 0 0 0 0 0 0 0
car 0 0 0 1283.45150867 458.04474429 1327.35169454 497.173170825 0 0 0 0 0 0 0
car 0 0 0 500.647671233 468.16386851 562.956923891 507.596006837 0 0 0 0 0 0 0
car 0 0 0 771.496796988 462.931904947 807.947736341 488.116190318 0 0 0 0 0 0 0
tricyclelist 0 0 0 1318.80227519 449.405188933 1383.69820213 520.504403001 0 0 0 0 0 0 0
car 0 0 0 870.154980479 421.263761387 1312.66115413 792.227366255 0 0 0 0 0 0 0
