car 0 0 0 622.184235518 489.819563153 1187.23646724 931.415004748 0 0 0 0 0 0 0
bus 0 0 0 1000.8380351 425.019836207 1029.55598382 455.276246463 0 0 0 0 0 0 0
pedestrian 0 0 0 331.076949984 438.184658043 343.730521293 470.010307093 0 0 0 0 0 0 0
car 0 0 0 1078.3788262 441.341505868 1130.8336309 479.992414594 0 0 0 0 0 0 0
car 0 0 0 1291.39670753 445.324806842 1437.73037314 529.478657393 0 0 0 0 0 0 0
car 0 0 0 253.5242185 449.13414613 325.856633401 490.545834051 0 0 0 0 0 0 0
pedestrian 0 0 0 1505.6517943 431.406638381 1519.32700797 472.94509992 0 0 0 0 0 0 0
bus 0 0 0 985.66472912 426.833224241 1004.46814792 448.967557861 0 0 0 0 0 0 0
van 0 0 0 46.3754352643 356.737645039 244.585927333 541.073124406 0 0 0 0 0 0 0
ignore 0 0 0 1793.04400423 449.433834381 1809.86451705 483.279988227 0 0 0 0 0 0 0
car 0 0 0 1162.36398671 436.709267504 1237.28306767 491.509936961 0 0 0 0 0 0 0
pedestrian 0 0 0 1846.30506797 434.910408628 1861.11652036 487.058460084 0 0 0 0 0 0 0
car 0 0 0 439.452758458 431.579654319 531.93886148 507.51212529 0 0 0 0 0 0 0
ignore 0 0 0 1540.82325623 426.06520138 1610.36121889 438.988278303 0 0 0 0 0 0 0
ignore 0 0 0 936.699201934 424.120545109 1003.18796754 452.648596787 0 0 0 0 0 0 0
bus 0 0 0 511.403709293 413.893130616 586.304875858 481.237737772 0 0 0 0 0 0 0
