ignore 0 0 0 95.8523076923 458.116718695 143.409230769 494.153641772 0 0 0 0 0 0 0
car 0 0 0 947.806531965 451.914589295 986.227375758 482.743290302 0 0 0 0 0 0 0
truck 0 0 0 144.13968091 432.914119967 308.255373217 564.773812275 0 0 0 0 0 0 0
pedestrian 0 0 0 394.389999679 440.109059044 407.436153525 480.724443659 0 0 0 0 0 0 0
pedestrian 0 0 0 385.036153525 441.832135967 396.605384294 480.724443659 0 0 0 0 0 0 0
van 0 0 0 5.46461538462 461.070564849 79.6061538462 504.196718695 0 0 0 0 0 0 0
truck 0 0 0 857.470312696 446.583273421 879.350654577 472.224299062 0 0 0 0 0 0 0
car 0 0 0 547.560132401 446.54809216 654.136792094 549.449694621 0 0 0 0 0 0 0
car 0 0 0 659.211547047 458.430777206 901.15281474 674.646644283 0 0 0 0 0 0 0
ignore 0 0 0 789.562483637 449.637222139 830.24624432 460.919273421 0 0 0 0 0 0 0
car 0 0 0 328.565922058 465.477086936 526.406502981 607.579299859 0 0 0 0 0 0 0
car 0 0 0 453.349539433 464.310868775 592.273328709 571.500038006 0 0 0 0 0 0 0
