ignore 0 0 0 173.150719137 448.009565954 210.928496915 458.607856552 0 0 0 0 0 0 0
ignore 0 0 0 857.184217243 427.465506112 906.270029209 456.135044574 0 0 0 0 0 0 0
pedestrian 0 0 0 186.869034261 455.307029099 196.071631577 480.805892494 0 0 0 0 0 0 0
ignore 0 0 0 809.285736938 430.832890728 841.76514032 461.926380276 0 0 0 0 0 0 0
car 0 0 0 198.372280906 452.622938215 246.494196036 472.94534062 0 0 0 0 0 0 0
car 0 0 0 761.054192844 438.912373763 790.968722759 460.792715644 0 0 0 0 0 0 0
truck 0 0 0 1002.94849975 385.495973975 1093.63242746 490.942401551 0 0 0 0 0 0 0
pedestrian 0 0 0 1317.79180556 422.996616978 1335.50680539 482.66890832 0 0 0 0 0 0 0
car 0 0 0 1420.79760498 452.230927509 1911.40946502 770.435528121 0 0 0 0 0 0 0
car 0 0 0 908.483880714 435.037293657 933.791023332 457.660345391 0 0 0 0 0 0 0
car 0 0 0 827.378979169 439.938014789 860.883252673 463.869638721 0 0 0 0 0 0 0
car 0 0 0 977.491946261 434.078272669 1007.1703226 461.22593475 0 0 0 0 0 0 0
pedestrian 0 0 0 735.071286861 432.929467781 740.541372331 447.972202823 0 0 0 0 0 0 0
car 0 0 0 861.539220084 442.13054532 913.303829984 482.621973509 0 0 0 0 0 0 0
car 0 0 0 848.077269513 443.834468839 1030.55373117 594.904306373 0 0 0 0 0 0 0
bus 0 0 0 496.86495854 426.136757457 531.83482834 461.222211878 0 0 0 0 0 0 0
