truck 0 0 0 1.02564102564 379.611427667 277.890946502 656.53450459 0 0 0 0 0 0 0
trafficcone 0 0 0 1135.1230477 538.762318518 1145.47596968 561.99887674 0 0 0 0 0 0 0
pedestrian 0 0 0 1186.37526978 503.103211748 1209.27427673 575.807558822 0 0 0 0 0 0 0
car 0 0 0 1310.70408767 480.124775773 1547.76010341 667.384610988 0 0 0 0 0 0 0
car 0 0 0 1603.73509549 519.567637438 1916.92307692 866.88878337 0 0 0 0 0 0 0
trafficcone 0 0 0 1203.6823977 549.345305431 1217.02616381 574.422383116 0 0 0 0 0 0 0
car 0 0 0 1389.01551124 485.558721114 1697.43589744 735.835707502 0 0 0 0 0 0 0
car 0 0 0 983.827309258 506.211180289 1009.90133499 528.61005772 0 0 0 0 0 0 0
car 0 0 0 1141.47144192 496.267633608 1220.5872573 566.706230531 0 0 0 0 0 0 0
ignore 0 0 0 1290.2752424 501.7429112 1353.81998669 622.535172875 0 0 0 0 0 0 0
ignore 0 0 0 981.381668476 498.379882972 1135.63976252 552.096137581 0 0 0 0 0 0 0
car 0 0 0 1119.99225422 501.305319762 1185.71533115 558.905319762 0 0 0 0 0 0 0
car 0 0 0 1153.65687493 477.715930919 1248.59234125 573.605522532 0 0 0 0 0 0 0
pedestrian 0 0 0 1209.27427673 502.530736574 1235.60813473 572.945182953 0 0 0 0 0 0 0
