ignore 0 0 0 889.413808937 423.681208584 960.641912161 472.547000331 0 0 0 0 0 0 0
ignore 0 0 0 130.821903674 451.624987102 154.288526829 464.738688277 0 0 0 0 0 0 0
car 0 0 0 527.472213977 444.608949717 553.975694246 466.695183275 0 0 0 0 0 0 0
car 0 0 0 542.932577467 444.885027637 578.546629078 466.695183275 0 0 0 0 0 0 0
truck 0 0 0 884.720484306 425.88983194 917.021600884 455.430169323 0 0 0 0 0 0 0
car 0 0 0 792.686021762 432.676853203 856.691926612 487.53905736 0 0 0 0 0 0 0
car 0 0 0 565.982672515 443.448927724 780.31737759 595.956314028 0 0 0 0 0 0 0
car 0 0 0 1013.71329747 428.189996338 1085.2726942 489.015483555 0 0 0 0 0 0 0
car 0 0 0 1128.98117372 436.322324224 1293.85402378 554.481200098 0 0 0 0 0 0 0
car 0 0 0 577.945883526 444.284282084 601.136428761 464.161892286 0 0 0 0 0 0 0
car 0 0 0 597.547415808 438.762723695 626.811675272 462.781502689 0 0 0 0 0 0 0
truck 0 0 0 834.031450982 423.135600307 880.14750665 472.432073607 0 0 0 0 0 0 0
car 0 0 0 872.295315839 438.427342177 886.329276746 450.390718687 0 0 0 0 0 0 0
car 0 0 0 666.280322967 418.718000215 805.048305099 540.311727133 0 0 0 0 0 0 0
truck 0 0 0 984.100983562 385.121849382 1061.22611115 481.329482758 0 0 0 0 0 0 0
car 0 0 0 877.527814457 436.794934284 1013.01360559 545.088154663 0 0 0 0 0 0 0
ignore 0 0 0 837.211868614 435.857270836 873.389119182 479.58801328 0 0 0 0 0 0 0
