motorcyclist 0 0 0 169.902893856 455.007302804 263.249347518 649.050324589 0 0 0 0 0 0 0
pedestrian 0 0 0 1489.01199375 440.462881748 1528.76721415 514.805143903 0 0 0 0 0 0 0
car 0 0 0 387.959743016 452.61657526 457.128973786 476.493498337 0 0 0 0 0 0 0
car 0 0 0 428.249889478 453.975895875 509.776043324 476.72051126 0 0 0 0 0 0 0
van 0 0 0 592.1536308 444.94124785 639.710553877 472.707401697 0 0 0 0 0 0 0
truck 0 0 0 255.282304002 414.752056789 400.574402913 476.428364481 0 0 0 0 0 0 0
van 0 0 0 839.052580139 439.20547219 853.411554498 454.761027745 0 0 0 0 0 0 0
van 0 0 0 872.797373301 438.626627745 892.284552788 458.113807232 0 0 0 0 0 0 0
ignore 0 0 0 906.406716207 441.188542275 941.360562361 451.034696121 0 0 0 0 0 0 0
car 0 0 0 966.935673472 439.900271506 982.149348686 453.746425352 0 0 0 0 0 0 0
car 0 0 0 1010.32691136 440.368947407 1069.95974196 463.559492643 0 0 0 0 0 0 0
ignore 0 0 0 1292.56572433 484.965670572 1335.96517327 544.598501178 0 0 0 0 0 0 0
pedestrian 0 0 0 1374.51695898 477.435236723 1409.50155294 534.2852019 0 0 0 0 0 0 0
cyclist 0 0 0 1469.13438354 422.573032566 1523.9965877 531.502336472 0 0 0 0 0 0 0
pedestrian 0 0 0 1470.72459236 437.68001632 1496.96303783 510.432069658 0 0 0 0 0 0 0
car 0 0 0 782.863588686 443.73415595 811.376409199 462.605950822 0 0 0 0 0 0 0
car 0 0 0 879.432586976 452.393465352 984.884894669 540.418080737 0 0 0 0 0 0 0
car 0 0 0 792.914870737 441.477745694 816.709742532 460.759796976 0 0 0 0 0 0 0
car 0 0 0 943.103331592 440.997133044 961.712562361 455.175594583 0 0 0 0 0 0 0
tricyclelist 0 0 0 698.489169125 449.585838346 714.04472468 467.534556295 0 0 0 0 0 0 0
motorcyclist 0 0 0 989.718617089 438.074604224 999.462206833 459.27118542 0 0 0 0 0 0 0
cyclist 0 0 0 577.144385371 444.186397936 606.919154602 476.796859474 0 0 0 0 0 0 0
pedestrian 0 0 0 1114.64263421 440.625810304 1123.46178997 460.373050377 0 0 0 0 0 0 0
car 0 0 0 822.311383557 442.929779882 847.781469028 462.58789954 0 0 0 0 0 0 0
pedestrian 0 0 0 1434.85654906 422.00983361 1455.39674627 510.133905505 0 0 0 0 0 0 0
cyclist 0 0 0 636.829595955 445.421798797 667.352672879 475.206414182 0 0 0 0 0 0 0
pedestrian 0 0 0 1411.09176176 430.126524443 1448.06411673 525.539053412 0 0 0 0 0 0 0
car 0 0 0 865.27600578 442.045431164 889.03668954 460.506969625 0 0 0 0 0 0 0
