tricyclelist 0 0 0 325.822320973 453.546977009 363.087278238 492.521335983 0 0 0 0 0 0 0
car 0 0 0 1040.19848439 442.679657248 1173.3305698 539.546371717 0 0 0 0 0 0 0
car 0 0 0 467.602173223 444.006109071 525.448327069 488.313801378 0 0 0 0 0 0 0
car 0 0 0 380.737980895 452.055085678 473.291827048 509.408931832 0 0 0 0 0 0 0
cyclist 0 0 0 1154.85954302 432.938883916 1170.27389352 474.120506903 0 0 0 0 0 0 0
van 0 0 0 1741.93771692 412.86352126 1834.73057318 465.586735047 0 0 0 0 0 0 0
car 0 0 0 1149.58581742 424.230765567 1371.89700991 606.468695897 0 0 0 0 0 0 0
car 0 0 0 1289.55018901 462.219144596 1840.64929249 810.075821971 0 0 0 0 0 0 0
car 0 0 0 489.312858433 443.709748242 561.107730228 494.991799524 0 0 0 0 0 0 0
car 0 0 0 361.69029433 444.243081575 433.468755869 500.070773883 0 0 0 0 0 0 0
pedestrian 0 0 0 1047.73621816 436.086969756 1057.13053625 462.927878593 0 0 0 0 0 0 0
ignore 0 0 0 847.772034384 425.848503725 990.481971416 464.65277255 0 0 0 0 0 0 0
truck 0 0 0 1499.53542257 402.509920059 1571.86783747 463.247062342 0 0 0 0 0 0 0
car 0 0 0 985.225051232 437.51103118 1003.34470935 451.186244855 0 0 0 0 0 0 0
ignore 0 0 0 1076.66485771 429.095591072 1145.13218174 445.384188321 0 0 0 0 0 0 0
car 0 0 0 999.25779441 436.716672815 1050.79233938 470.355861382 0 0 0 0 0 0 0
car 0 0 0 763.792735043 459.858121417 1147.1025872 784.108059864 0 0 0 0 0 0 0
car 0 0 0 608.833844815 443.557418275 641.444306353 459.153725967 0 0 0 0 0 0 0
pedestrian 0 0 0 704.236003858 438.294196558 709.877029499 453.678811943 0 0 0 0 0 0 0
