car 0 0 0 839.847537212 472.798042661 857.967195331 487.669837533 0 0 0 0 0 0 0
car 0 0 0 970.919569307 472.313736907 989.55204794 486.330830924 0 0 0 0 0 0 0
bus 0 0 0 927.094065034 446.182044599 967.265005205 497.976916394 0 0 0 0 0 0 0
car 0 0 0 906.689278709 468.46307024 926.518338538 486.753668531 0 0 0 0 0 0 0
car 0 0 0 963.363466743 471.338967676 983.705347085 489.287685625 0 0 0 0 0 0 0
car 0 0 0 878.836971017 476.959480497 906.358338538 497.64324118 0 0 0 0 0 0 0
car 0 0 0 999.672739424 472.758032215 1032.1513719 501.305040762 0 0 0 0 0 0 0
car 0 0 0 1120.85099228 476.217450767 1218.85865369 549.148034494 0 0 0 0 0 0 0
ignore 0 0 0 564.412830774 465.706227029 640.886414467 518.161031728 0 0 0 0 0 0 0
ignore 0 0 0 0.843279803241 387.297482041 76.6847908299 576.901259608 0 0 0 0 0 0 0
