ignore 0 0 0 1557.62321498 428.82574028 1909.35196177 457.678489041 0 0 0 0 0 0 0
ignore 0 0 0 759.080891263 434.094988602 846.602258784 444.351398858 0 0 0 0 0 0 0
car 0 0 0 983.066916047 445.729850216 1079.74135571 517.206341156 0 0 0 0 0 0 0
car 0 0 0 975.091609725 441.465543513 1013.72408836 470.867252915 0 0 0 0 0 0 0
pedestrian 0 0 0 1362.56392285 436.254117898 1394.31288359 507.804312028 0 0 0 0 0 0 0
car 0 0 0 649.649625508 442.054911916 682.128257987 464.277134138 0 0 0 0 0 0 0
car 0 0 0 848.497741861 440.87441561 885.078938442 470.447065183 0 0 0 0 0 0 0
ignore 0 0 0 885.076389367 425.207992519 975.811432102 455.346795938 0 0 0 0 0 0 0
bus 0 0 0 1056.08901706 400.297814057 1145.93517091 476.976925168 0 0 0 0 0 0 0
bus 0 0 0 1038.59951279 405.16646363 1085.4097692 469.554839698 0 0 0 0 0 0 0
car 0 0 0 911.697868526 440.53007449 975.629492457 490.102724062 0 0 0 0 0 0 0
