car 0 0 0 909.749010913 497.199168354 967.035179203 544.132414663 0 0 0 0 0 0 0
ignore 0 0 0 1.71261123422 480.783255953 163.150610249 564.593621399 0 0 0 0 0 0 0
cyclist 0 0 0 975.017349945 491.559918417 995.908470573 541.530021841 0 0 0 0 0 0 0
car 0 0 0 973.86702528 499.951019005 1014.32010931 528.133973284 0 0 0 0 0 0 0
van 0 0 0 1008.57269612 488.319497479 1059.37870213 520.912029639 0 0 0 0 0 0 0
ignore 0 0 0 899.182415884 487.863564763 977.21277229 523.907070916 0 0 0 0 0 0 0
car 0 0 0 1181.81818221 503.710556749 1293.76777855 600.116966228 0 0 0 0 0 0 0
car 0 0 0 1270.1535296 479.559479828 1491.43797727 660.529483662 0 0 0 0 0 0 0
car 0 0 0 1498.47578348 524.633725227 1918.97435897 950.514403292 0 0 0 0 0 0 0
ignore 0 0 0 535.344369684 518.772852938 570.461481041 552.233496777 0 0 0 0 0 0 0
car 0 0 0 1049.89305954 494.822958783 1065.79049543 542.515266476 0 0 0 0 0 0 0
ignore 0 0 0 1042.6377018 490.965984736 1110.91870056 545.421249382 0 0 0 0 0 0 0
car 0 0 0 1162.44046298 506.111642489 1246.09207258 585.346005377 0 0 0 0 0 0 0
car 0 0 0 1095.75370662 500.447204662 1161.41918738 550.371295099 0 0 0 0 0 0 0
car 0 0 0 1215.06569389 502.425137956 1379.65230636 625.507300326 0 0 0 0 0 0 0
car 0 0 0 1111.03496708 498.146555333 1200.07009611 566.575810695 0 0 0 0 0 0 0
car 0 0 0 1421.24643875 506.158297365 1776.54743062 711.940751293 0 0 0 0 0 0 0
car 0 0 0 1146.15186573 508.872421683 1215.99957936 575.162938302 0 0 0 0 0 0 0
