car 0 0 0 2.05128205128 379.487179487 346.666666667 1033.84615385 0 0 0 0 0 0 0
bus 0 0 0 816.631046867 403.915802791 835.86582497 417.654930008 0 0 0 0 0 0 0
truck 0 0 0 467.184394895 403.164082125 510.120032931 447.292376773 0 0 0 0 0 0 0
truck 0 0 0 567.765102516 403.164082125 607.122770716 435.763362856 0 0 0 0 0 0 0
truck 0 0 0 515.242465469 406.926951576 554.813633926 443.967405772 0 0 0 0 0 0 0
car 0 0 0 1009.7584415 419.367179124 1062.63288463 468.663652425 0 0 0 0 0 0 0
car 0 0 0 876.275442832 413.523203723 892.177530994 424.124595831 0 0 0 0 0 0 0
car 0 0 0 1049.31520184 421.992113663 1123.73697443 491.166197166 0 0 0 0 0 0 0
car 0 0 0 898.179847701 437.682386011 1028.70418733 539.582966949 0 0 0 0 0 0 0
truck 0 0 0 308.164003822 422.925267161 368.348990266 461.024020047 0 0 0 0 0 0 0
pedestrian 0 0 0 938.996516677 415.118214381 945.953680248 428.701248019 0 0 0 0 0 0 0
car 0 0 0 368.988237197 439.797513546 427.428411191 466.564045327 0 0 0 0 0 0 0
car 0 0 0 210.026310247 437.940286636 248.588874038 464.973836511 0 0 0 0 0 0 0
car 0 0 0 550.272042238 428.666051833 590.424814846 452.519184076 0 0 0 0 0 0 0
car 0 0 0 369.783341605 433.834230486 401.587517928 452.121631872 0 0 0 0 0 0 0
car 0 0 0 811.32200608 430.705185809 879.541964293 486.521515256 0 0 0 0 0 0 0
car 0 0 0 685.409272018 434.141309019 805.072485433 524.217733284 0 0 0 0 0 0 0
ignore 0 0 0 1024.46787305 427.715775409 1063.82554125 480.590218546 0 0 0 0 0 0 0
ignore 0 0 0 1494.13290071 412.806531603 1569.15004748 431.76690936 0 0 0 0 0 0 0
car 0 0 0 253.359500487 433.964764596 289.13919885 464.178732103 0 0 0 0 0 0 0
tricyclelist 0 0 0 232.313436329 438.507418708 262.129851631 468.323834011 0 0 0 0 0 0 0
ignore 0 0 0 586.051740601 425.883186405 638.528631534 444.568139995 0 0 0 0 0 0 0
ignore 0 0 0 762.973064682 413.523203723 789.476544951 426.774943858 0 0 0 0 0 0 0
ignore 0 0 0 812.667090186 413.533191843 874.618975315 422.468128314 0 0 0 0 0 0 0
bus 0 0 0 876.606736336 402.259224609 906.423151638 423.130715321 0 0 0 0 0 0 0
ignore 0 0 0 668.658220343 414.673912983 711.220232928 428.247744023 0 0 0 0 0 0 0
car 0 0 0 893.171411504 411.2041492 908.742206162 424.455889334 0 0 0 0 0 0 0
ignore 0 0 0 812.771540699 419.225796177 886.71625065 444.44622808 0 0 0 0 0 0 0
ignore 0 0 0 893.395127678 419.225796177 983.559967553 505.574134894 0 0 0 0 0 0 0
pedestrian 0 0 0 926.076070046 413.130453361 934.35840763 429.363835026 0 0 0 0 0 0 0
car 0 0 0 634.15555729 421.907664365 673.910777693 448.146109831 0 0 0 0 0 0 0
car 0 0 0 767.909305399 432.136373743 841.85401535 496.539830797 0 0 0 0 0 0 0
car 0 0 0 407.550800989 426.280738609 445.318260372 454.109392892 0 0 0 0 0 0 0
pedestrian 0 0 0 949.597908785 411.686013686 959.616224327 431.245582125 0 0 0 0 0 0 0
ignore 0 0 0 718.58231078 417.204627244 740.668544338 427.557549225 0 0 0 0 0 0 0
van 0 0 0 1082.51685367 412.493478363 1213.0411933 529.067742957 0 0 0 0 0 0 0
ignore 0 0 0 1000.6147408 413.801448268 1020.49235101 450.773803243 0 0 0 0 0 0 0
car 0 0 0 479.905302124 430.25626065 524.82870118 457.687362728 0 0 0 0 0 0 0
ignore 0 0 0 1257.54036087 412.806531603 1313.59712989 427.645088108 0 0 0 0 0 0 0
