car 0 0 0 573.669331582 437.49565058 615.288789825 466.318185372 0 0 0 0 0 0 0
ignore 0 0 0 890.727477419 406.06381965 914.884295373 428.610183074 0 0 0 0 0 0 0
car 0 0 0 382.910369338 445.32636886 438.965230107 481.503619427 0 0 0 0 0 0 0
car 0 0 0 323.277538732 449.3018909 389.668756807 496.213050977 0 0 0 0 0 0 0
car 0 0 0 233.828292824 452.482308533 311.748524815 497.803259793 0 0 0 0 0 0 0
car 0 0 0 500.992531165 441.139879117 555.324665717 477.91345799 0 0 0 0 0 0 0
truck 0 0 0 692.603188421 428.106863986 786.718106996 517.412991101 0 0 0 0 0 0 0
car 0 0 0 978.517160455 427.413277946 1025.74636229 470.391840479 0 0 0 0 0 0 0
van 0 0 0 1053.02839184 425.069431743 1136.60976721 508.217336124 0 0 0 0 0 0 0
car 0 0 0 847.529749412 432.678110643 879.002632231 462.782003634 0 0 0 0 0 0 0
pedestrian 0 0 0 1034.0696132 424.268773443 1041.79746389 444.097833272 0 0 0 0 0 0 0
car 0 0 0 957.524553272 430.087428167 986.148311962 455.234839872 0 0 0 0 0 0 0
car 0 0 0 830.887364245 437.509474233 872.529117098 468.798305106 0 0 0 0 0 0 0
pedestrian 0 0 0 1272.52743362 424.760989325 1289.70168884 463.880126202 0 0 0 0 0 0 0
van 0 0 0 891.882584151 415.434223793 973.174058832 503.59540056 0 0 0 0 0 0 0
ignore 0 0 0 871.597118119 430.450702537 895.293806207 457.086700207 0 0 0 0 0 0 0
car 0 0 0 1186.58197332 439.697564572 1447.63065257 631.476747799 0 0 0 0 0 0 0
