ignore 0 0 0 635.244516851 434.622196325 722.016701466 451.466208633 0 0 0 0 0 0 0
truck 0 0 0 428.307527645 430.378119903 482.864136192 469.234762638 0 0 0 0 0 0 0
bus 0 0 0 318.028123022 409.90919582 438.370003364 483.105919239 0 0 0 0 0 0 0
van 0 0 0 599.174510697 430.867518718 638.832630355 464.200852051 0 0 0 0 0 0 0
pedestrian 0 0 0 96.1264567202 453.065360305 109.682696036 488.962796203 0 0 0 0 0 0 0
car 0 0 0 927.527199573 428.68749142 944.963097009 445.781508514 0 0 0 0 0 0 0
pedestrian 0 0 0 1003.66382263 422.134232126 1011.86895083 446.229958622 0 0 0 0 0 0 0
car 0 0 0 891.214624021 429.685819025 915.317188123 449.172998513 0 0 0 0 0 0 0
motorcyclist 0 0 0 1021.24520503 434.778259124 1066.61628195 479.906464253 0 0 0 0 0 0 0
car 0 0 0 620.146783622 448.432244356 773.158233163 567.986537206 0 0 0 0 0 0 0
car 0 0 0 248.249192825 453.215903289 604.360469015 723.649196682 0 0 0 0 0 0 0
car 0 0 0 801.136201095 446.153140488 1082.59613499 677.163801925 0 0 0 0 0 0 0
car 0 0 0 1097.3172861 445.041913964 1238.03708371 564.608136187 0 0 0 0 0 0 0
cyclist 0 0 0 1355.11968508 423.77111248 1397.15182183 471.463420172 0 0 0 0 0 0 0
pedestrian 0 0 0 1518.44724053 432.858641042 1560.66946276 501.759290615 0 0 0 0 0 0 0
motorcyclist 0 0 0 1708.3648547 430.278230009 1773.76334769 524.810671719 0 0 0 0 0 0 0
car 0 0 0 1740.80633647 415.945610522 1846.87074913 464.781469823 0 0 0 0 0 0 0
car 0 0 0 1847.71408102 406.556346245 1918.64050244 455.864047595 0 0 0 0 0 0 0
pedestrian 0 0 0 193.468914872 450.282213639 207.292914872 491.754213639 0 0 0 0 0 0 0
pedestrian 0 0 0 1019.70619648 432.861322372 1035.09081187 469.998498441 0 0 0 0 0 0 0
car 0 0 0 796.721418482 438.312579994 856.892358652 472.842494524 0 0 0 0 0 0 0
car 0 0 0 473.749776479 437.024587127 681.825019135 614.167123879 0 0 0 0 0 0 0
car 0 0 0 0.762059867372 486.336442253 412.069567805 1041.28184143 0 0 0 0 0 0 0
pedestrian 0 0 0 225.720836924 447.73766116 238.673044071 492.011165434 0 0 0 0 0 0 0
car 0 0 0 1145.29665672 428.666453483 1394.55961631 609.753858337 0 0 0 0 0 0 0
car 0 0 0 1346.46829493 441.964993459 1533.87562649 559.427026964 0 0 0 0 0 0 0
bus 0 0 0 871.499169094 421.716414616 893.892331487 442.742055641 0 0 0 0 0 0 0
car 0 0 0 1416.27547038 424.45143795 1560.46643106 473.578384958 0 0 0 0 0 0 0
pedestrian 0 0 0 241.675684103 446.028675177 253.018453333 479.702521331 0 0 0 0 0 0 0
motorcyclist 0 0 0 1584.95388444 430.263154454 1653.30313846 506.844351035 0 0 0 0 0 0 0
pedestrian 0 0 0 1087.79000218 423.731318074 1100.04019295 466.669725049 0 0 0 0 0 0 0
car 0 0 0 1643.89032479 411.195453941 1803.20350085 487.419125736 0 0 0 0 0 0 0
ignore 0 0 0 115.965636923 447.669605244 167.36256 494.458528321 0 0 0 0 0 0 0
car 0 0 0 856.228180076 431.583896287 870.929034777 444.233468936 0 0 0 0 0 0 0
car 0 0 0 844.433308281 430.729195432 860.501684349 444.233468936 0 0 0 0 0 0 0
bus 0 0 0 947.721153935 412.058468598 978.832265047 444.39077629 0 0 0 0 0 0 0
