ignore 0 0 0 715.385790986 455.942837595 755.969245148 483.826707461 0 0 0 0 0 0 0
ignore 0 0 0 1052.33717157 402.036179698 1117.02686621 459.283697079 0 0 0 0 0 0 0
truck 0 0 0 1114.50797545 399.631783968 1205.34837799 502.677315254 0 0 0 0 0 0 0
tricyclelist 0 0 0 1206.57026368 439.737082762 1376.02291513 537.05786231 0 0 0 0 0 0 0
car 0 0 0 662.170689042 461.010039169 724.453867674 502.753020593 0 0 0 0 0 0 0
bus 0 0 0 626.988394497 421.561787683 700.701198996 488.096566275 0 0 0 0 0 0 0
van 0 0 0 1061.88192466 440.821726285 1117.11432943 501.824680806 0 0 0 0 0 0 0
trafficcone 0 0 0 1329.55910802 509.112544406 1358.41185678 566.818041926 0 0 0 0 0 0 0
car 0 0 0 530.448744919 463.700870096 615.365895701 513.31538516 0 0 0 0 0 0 0
bus 0 0 0 759.83433602 438.826006587 800.141712263 478.857304911 0 0 0 0 0 0 0
car 0 0 0 0.0 449.049013401 93.3333333333 620.512820513 0 0 0 0 0 0 0
truck 0 0 0 1363.08325419 283.923710035 1752.84267173 598.501107946 0 0 0 0 0 0 0
truck 0 0 0 738.576336221 441.862863702 775.018621591 482.446317864 0 0 0 0 0 0 0
car 0 0 0 785.639149754 457.140064249 887.539730693 530.416886497 0 0 0 0 0 0 0
ignore 0 0 0 928.487576159 448.950873753 1017.69829074 468.033379547 0 0 0 0 0 0 0
bus 0 0 0 561.005771744 416.868463052 665.087147384 497.483215537 0 0 0 0 0 0 0
trafficcone 0 0 0 1271.16664029 505.677693363 1296.584538 554.452578172 0 0 0 0 0 0 0
bus 0 0 0 389.019387582 397.936143646 555.609663161 514.721079104 0 0 0 0 0 0 0
car 0 0 0 890.402106562 460.002440118 1114.23989952 631.744992262 0 0 0 0 0 0 0
ignore 0 0 0 798.485244746 442.967175379 853.70082864 459.807928467 0 0 0 0 0 0 0
